6077588122	100篇炒鸡好看的总裁小说合集，随手码评论。 ​​​	[<LuoB_>: 回复 @管小猴是管小猴 :对啊,<漂移的老黄鸡>: 回复 @鹿痴又路痴 :我记得我看了一周[允悲][允悲],<KARRYOU->: 回复 @甜文少女 :这本书超级好看[红桃]️,<名_____>: 回复 @白格_Young :666需要,<张多金->: @少女情怀总是吃aa  看每篇下的评论哈哈哈哈哈哈家,<别致的烈酒9>: 回复 @最宝贝吴世勋 :嗯，可以用免费的逐浪币看,<最宝贝吴世勋>: 回复 @别致的烈酒9 :免费吗,<鹿痴又路痴>: 想说纯情丫头火辣辣[憧憬]虽然挺多的狗血误会 但是剧情特别好看 当年三个通宵看完 从此爱上总裁文[允悲]御傲天洛瑶瑶[憧憬],<ID什么的其实都不重要>: 回复 @甜文少女 :最好的一本,<奶油饼干i>: 回复 @甜文少女 :真的超级好看！！我的厉爵风[泪][泪],<源稚女s>: 回复 @甜文少女 :男主的名字我看着老调戏咋办[暴露自己b站绅士的本性],<别致的烈酒9>: 回复 @最宝贝吴世勋 :逐浪小说里能看，特别甜。,<早更姨母>: 回复 @甜文少女 :想当年我和我同桌一起看…前两天还在找…哈哈哈,<十号线上的魂儿>: 回复 @每天狂吸我凡美颜suckkkkkkk :以后别艾特我了，该删的删了吧,<ffflit>: 回复 @甜文少女 :1,<臭屌丝千千>: 回复 @甜文少女 :你们在哪个软件看的,<糖and萝卜>: 回复 @李文秀的白马 :霸道总裁，我早已放弃啦[笑cry],<李文秀的白马>: @糖and萝卜  [污],<寜里孑>: 回复 @甜文少女 :就这一本是好好看完的，因为，，，短？？,<岁月如歌YJ>: 回复 @甜文少女 :最喜欢的一篇总裁文，好喜欢厉爵风和顾小艾，虽然文很长，但是我居然还是看了很多遍[二哈],<glory__lotus>: 很久以前就看过亿万老婆买一送一[憧憬],<Daisycnn>: 回复 @甜文少女 :这是最好看的总裁文,<煊煊郑>: 回复 @甜文少女 :看的第一本总裁文[二哈]从此走上言情的不归路[摊手],<可爱楞>: 回复 @甜文少女 :这个好看!!!!,<仙女爱抠脚o3o>: 回复 @甜文少女 :看了第一篇就看不下去，估计是被那个女配恶心的吧,<每天狂吸我凡美颜suckkkkkkk>: 回复 @甜文少女 : @十号线上的魂儿   我初二看的，你记得吗我在每周的兴趣课上有一次用毛笔写了历爵风，你还说名字杀马特[失望]特别好看！！,<Creeppp_>: 回复 @勻闫 :大半夜看到这条我他妈要笑死,<周姐_80258>: 总裁我要离婚，很好看，以前看了一夜,<亚特兰的小叮当>: 回复 @最惨小孙 :这个系列四本 一本就有一套盗墓笔记这么长吧,<最惨小孙>: 回复 @亚特兰的小叮当 :哈哈哈哈哈哈哈哈？,<亚特兰的小叮当>: 回复 @甜文少女 : @最惨小孙  我从六年级看到初二才看完,<可可西里的你_>: 回复 @漂漂的邮件 :我也是超喜欢,<可可西里的你_>: 回复 @甜文少女 :这个超好看我超爱叶微和墨决,<是九蓓啊>: 回复 @甜文少女 :真的是33之后再无总裁文.里面的情话我之前有一句一句打在我的备忘录里.超苏,<是九蓓啊>: 回复 @甜文少女 :这个真的超心水！喜欢厉爵风！超喜欢！喜欢了三年多了！,<ishifang>: @Oh-IamILL  [小黄人坏笑][小黄人坏笑][小黄人坏笑],<-朱丽叶吧唧一口陈翔->: 回复 @甜文少女 :只认安知晓,<-朱丽叶吧唧一口陈翔->: 回复 @甜文少女 :总裁的替身前妻♡ 安知晓大大(ಥ_ಥ),<灰姑娘爱CC>: 回复 @甜文少女 :特别好看，经典,<我爱曼陀罗七七>: 没有几部能看到的，哎,<我爱曼陀罗七七>: 回复 @小铃铛噜啦噜啦 :我赞同，,<失眠白羊>: 回复 @甜文少女 :顾小艾跟楚世修最后相遇，描述他俩，一个蹲在门口，一个立在钢琴旁，两个故人一句话也没有，就是对着流眼泪。那一段真是泪崩了。,<失了稳场鹿>: 回复 @兔子味胡萝卜 :咋搜不到呢,<失了稳场鹿>: 回复 @兔子味胡萝卜 :谢谢！！！,<大棒骨_季准大大>: @捕风的某某-1999,<最宝贝吴世勋>: 回复 @别致的烈酒9 :有资源吗,<想不出名字用了>: 从此以后，你们将来多条微博下看到我的身影，为我的书打！广！告！直到我被各大博主屏蔽为止[黑线][黑线]没错就是本人新晋作家，[嘘][嘘]首发小说在起点阅读，作者张才人，书名奕欢，有空看看吧，不收钱的,<笑症患者>: @macdady,<禾乌桉>: @SoYoung_烟火,<兔子味胡萝卜>: 回复 @失了稳场鹿 :掌阅[并不简单][并不简单],<失了稳场鹿>: 回复 @兔子味胡萝卜 :告诉我APP]
6077588122	整理那些男主很痴情的小说合集。 ​​​	[<节操落了一地>: 回复 @甜文少女 :苏立正在前往砍po主的路上[二哈],<不爱改名的学姐>: 回复 @甜文少女 :我的大队长！！啊啊啊,<某家少夫人>: 回复 @甜文少女 :一开始看的时候跟室友疯狂吐槽容止，心疼女主，后来看完了又过好久，发现他们是真好啊[大哭]找机会再看一遍,<我说你听着_>: 回复 @甜文少女 :可以说是超爱了 乔裕啊啊啊啊啊啊啊啊啊啊啊啊[惊恐],<给我一颗橘子树>: 回复 @甜文少女 :"我的女孩，祝你一生平安喜乐。"重温过好多次 每次看到这句话还是飙泪,<华晨宇的小天使i>: 回复 @米米椰果 :你要把我笑死了哈哈哈哈哈哈哈哈哈哈,<阿莫西的林>: 回复 @Aimeelcey :嗯 《捡来的病娇皇子》你值得拥有,<鹿晗你看我浪吗>: 回复 @甜文少女 :我超喜欢容止的，你不喜欢就不喜欢呗，每个人欣赏的方式方法都不一样，何必故意来说一句这书超级难看我弃了之类的有意思吗,<张_z_han>: 回复 @甜文少女 :君临天下[爱你][爱你][爱你]叶俊彦,<Mariananana>: 言情小说的男主一般都痴情,<假装热恋中>: 回复 @甜文少女 :虽然文笔不怎么好，但我觉得这本小说是真的好看，撇开一切因素不看，这本小说我是会为了男主而强行推荐！！,<like_tata>: 还有比宇文玥更痴情的吗[doge],<你好帕克>: 回复 @我怎么长的这么好看呀 :我觉得很好看呀,<呱唧在挂机>: 回复 @蛛宝店 :这本我个人是喜欢的，但是别人总是瞎瘠薄推也很无奈啊[笑cry][笑cry],<宋玉兴999>: 回复 @甜文少女 :我看完了竟然，还熬夜[二哈][二哈][二哈],<顾初心mily>: 从第一条推文博到现在就没见过换一批文推的[微笑],<卿九QAQ>: 回复 @甜文少女 :天天就是天天 为忘羡疯狂打call,<仙桃伢ouo>: 回复 @我心雀跃呀 :烟灰系美男好看！痞里痞气,<陳李夢婷>: 回复 @甜文少女 :很好看的，虐死我了。作者说的对，就是一对作男作女的故事,<美好的昨天200612>: 回复 @洋柿子酱_ :这百分百痴情,<四月止>: 回复 @谢景行 :完全he!就是有点长  但是看不完都不要紧，  不妨碍男主的惊艳[doge],<慢慢岛丶>: 回复 @蛛宝店 :仁者见仁智者见智吧,<记忆倒退一点点>: 回复 @我心雀跃呀 :早安，幽灵小姐。板栗子的,<慢慢岛丶>: 回复 @甜文少女 :这本书后面很好看 我以前看了几次 看了一次就撤了 要坚持看下去啊各位盆友 后面真的很好看,<专治精分吐槽100年>: 回复 @甜文少女 :看完觉得作者下了局大棋～女主身份牛逼了～但是结局算是happy ending吧～反正我看了好几遍最后的人兽h的番外[污][污][污][污],<卖花买胭脂>: 回复 @甜文少女 :有人说一下剧情吗[doge]又想看又怕虐,<收下阁下的心>: 回复 @甜文少女 :不喜欢的不要在底下ky。谢谢啦！！,<收下阁下的心>: 回复 @甜文少女 :厉爵风！！为我阿风大call！！喜欢三四年啦！！٩̋(•͈ω•͈)و,<你是暖阳丶最美_>: 回复 @我的微博名不带姓 :检[污],<卖花买胭脂>: 回复 @GayuChing :这根本不是去幼儿园的车，放我下去[doge],<Latdmeset>: 回复 @甜文少女 :于她 千万人吾往矣 最爱了,<慢慢岛丶>: 回复 @重度的强迫症患者 :作者:哭泣,<弹小红帽的小姑凉>: 回复 @之妠 :不要吓我[笑cry][笑cry][笑cry]网剧[拜拜]这本小说要拍的话拍的好正剧妥妥的[泪][泪][泪],<踏遍>: 回复 @甜文少女 :最爱的男主就是容景！,<记忆倒退一点点>: 回复 @妮可妮可酱i :不，没玩过游戏没看过比赛的更看不下去，看起来就跟做四六级阅读理解题一样，碰到专业词汇要查阅或是跳过，很累。推的人太多，我算是逼着自己看完的。不如写诺森德的时久贴心，连最基本的术语都会备注意思。,<踏遍>: 回复 @甜文少女 :不喜欢看没人逼你看 本来就是萝卜青菜各有所爱 还非要来ky[摊手],<纯洁矜持的羊儿>: 回复 @_是柚柚a :嘻嘻,<每天都觉得自己可以拯救世界>: 回复 @TEKY- :错了，是恰锦绣华年！,<孟见半夏初秋>: 回复 @甜文少女 :天天就是天天嘛[允悲][允悲],<你打我啊1997>: 回复 @甜文少女 :这个不要太有存在感,<每天都觉得自己可以拯救世界>: 回复 @TEKY- :少女，想推给你恰锦绣年华，古代校园的悬疑竞技还有宅斗，我一章一章追完的！！综武竞技真的好燃，配角塑造得也很丰满，不是为了推动男女主爱情存在，都是为了剧情。,<咸鱼少女Ryze>: 回复 @甜文少女 :女主…作的一批[允悲],<一年只能修改一次的昵称要珍惜啊>: 回复 @甜文少女 :大灰狼笔下的男主哪个不痴情[允悲],<大木木木子酱>: 回复 @甜文少女 :这本是时擦阿 很好看的文,<一只炸鸡怪蜀黍>: 回复 @許嵩是我男神啊82531 :坚定不移站韩处长,<每天都觉得自己可以拯救世界>: 回复 @我心雀跃呀 :制霸好莱坞,<穿着狼大衣的小绵羊>: 回复 @甜文少女 :他儿子那本也挺好看的,<你是暖阳丶最美_>: 回复 @喜马拉雅竹子 :可能因为没那么出名[摊手],<每天都觉得自己可以拯救世界>: 回复 @绮罗的纸人 :明月珰的古言，不爱写男主心理想法，每次都是快结局才感觉男主爱女主，边追边骂男主还忍不住追连载[悲伤]还是看她的现代文轻松一点，新开的古言我都不敢轻易入坑。,<慢慢岛丶>: 回复 @甜文少女 :这本书写九个梦境都写的很好 感觉梦醒了过后就...前面还是值得一看]
6077588122	#网文回忆杀# 曾经把自己或身边的朋友带入到了哪本小说里？ ​​​	[<牵薛之谦的小白手>: 回复 @咧的法定小女友 :看了这个入腐[允悲],<_kikuyu_>: 回复 @我是小飞机呀_ :为什么找不到 求链接啊亲们 真的很想看[doge],<Fairy唐唐雨雨柔柔>: 回复 @快要发财了 :能的,<恍又糊>: 回复 @树深时见鹿· :觉得阿衡可以找李沁,<渡边灯里>: 回复 @快要发财了 :术语有点多，一脸懵中磕糖,<七点就起的大小姐>: 怕是给男票念肉文的只有我了[并不简单],<一缕果子肉酱>: 回复 @仙女的托 :不不不 是肖奈[允悲]他不会讲骚话 而且是个程序员 很像肖奈,<吴世勋的ATM机>: 吴世勋 言溯[泪][泪],<柠檬来的>: 回复 @朴大- :同[允悲],<仙女的托>: 回复 @一缕果子肉酱 :这不是应该call my诚哥吗,<佩特赛娜>: 回复 @我是小飞机呀_ :求百度云资源[祈祷][心],<吃货白和霉懒女人的小跟班>: 回复 @浔阳行渚 :哈哈哈哈哈你可以百度搜七宝酥,<等不到时光等拾光>: 回复 @快要发财了 :能,<等风等你来LL>: 回复 @西边的苏楠 :刘诗诗？开玩笑吧你？,<陈彦熹_>: 回复 @甩肉少女_揪咪 :我室友临死前想见到诚哥真人[喵喵][喵喵]好想看拍成的动漫，请问有机会拍成动漫吗[泪][泪],<王俊凯永远的小迷妹>: 回复 @午安么 :知道男女主的时候我都要疯了,<王俊凯永远的小迷妹>: 回复 @树深时见鹿· :鹿晗超适合,<小鱼干的秘密>: 昭奚旧草[鲜花],<芒果味的仙女-->: 回复 @我就是九亿少女之一 :晋江,<小鱼干的秘密>: 十年一品温如言[心],<就是bless>: 回复 @Jy有粒傲娇心 :+1,<你是一条假咸鱼>: 回复 @一个可爱的肥美少女 :然后她跟我说以后要是一个人 咱俩就凑合着过算了[摊手],<hiyeyewei>: 回复 @成为知情者之一 :he,<一个可爱的肥美少女>: 回复 @你是一条假咸鱼 :你厉害了，想知道后来[doge],<你是一条假咸鱼>: 魔道祖师！！！蓝二哥哥和羡羡的人设真的很像我和一个朋友[doge][doge],<成为知情者之一>: 回复 @hiyeyewei :《我曾在时光里听过你》结局He吗。,<偏执狂yeah>: 回复 @YKUBIH :图片评论  http://t.cn/RKs33VZ,<偏执狂yeah>: 回复 @YKUBIH :头像WE战队大舅哥，啊啊啊最近超级迷他的,<浔阳行渚>: 回复 @吃货白和霉懒女人的小跟班 :为什么还是搜不到……[允悲][允悲][允悲][允悲],<偏执狂yeah>: 你微笑时很美，全程把自己带入谣妹，然后坑了我朋友看，日常我叫她诚哥，她叫我谣妹，我们的朋友圈都在问我为啥搞姬只能说一句，内部消化哈哈,<烧鸡少女yi>: 评论好多你微笑时很美，我也想说这个的,<柠檬小姐lyt>: 回复 @树深时见鹿· :之前看到有人剪辑个视频说十年一品温如言的，是鹿晗和刘诗诗，鹿晗确实比其他人适合，但是言希这个角色还是演不出啊，只能说比其他人更适合,<我说我没有昵称就没有昵称>: 回复 @一缕果子肉酱 :加油收收收,<-AnEcho>: 回复 @fhbjwhdb2333 :哈哈哈哈我是觉得周荡结合了童扬大舅子等一系列现实电竞选手的特征啊 另外里面喜欢女主的小野我看着也很出戏这不就是田野吗哈哈哈哈哈哈哈,<小月冰片>: 诚哥：我也不想这么棒棒[允悲] @酣喃,<霖幽酱>: 回复 @搬砖圈大佬 :啊求名字,<昵称待定-1997>: 龙族，带了不下于十个人，然后被室友安利了你微笑时很美，沉迷于此无法自拔,<如此懒De阳>: 回复 @一缕果子肉酱 :好哒～加油[鼓掌][鼓掌],<薄荷糖O_0>: 唯一的星光…[好喜欢],<大-大-萌>: 微笑[二哈]唤起了朋友久违的少女心,<薄荷糖O_0>: 回复 @lmxyza :哈哈哈哈哈哈前,<一期一會_LH>: 回复 @秋名山怪猫 :是的没错 不过看介绍估计也就买了个名字的样子[眼泪]内容 呵呵呵改了,<王俊凯de卡姿兰大眼睛>: 重生之豪门贵妻，好多人没看过，但是甜文,<我要这体重有何用>: 回复 @Fay-丝 :他与月光为邻,<翎而飘乎的少女心>: 回复 @努力减肥的小学渣 :他和她的猫 荡哥可以的！,<離離思慕>: 回复 @MengMeng哒Zzzz :[污][污][污],<SELINAXUE_>: 回复 @---Ricar :那我就不知道了[允悲][允悲][允悲],<---Ricar>: 回复 @SELINAXUE_ :我也是都看了这两个，感觉很喜欢这种，不知道还能看什么,<麤茶->: 回复 @树深时见鹿· :这个我真的。。。脑子里是鹿爷来着,<赵阿璐璐>: 回复 @chenmingzhen :大眼睛言希[太开心]谁有大眼睛！出来！[允悲],<Doubledoubleqing>: 回复 @牛仔裤口袋里的小鹿 :有资源吗？在哪里可以看呀，求[允悲],<Doubledoubleqing>: 回复 @你这样很容易被X的我跟你讲z :在哪里可以看啊[允悲],<Doubledoubleqing>: 回复 @嘿有飞碟还有怪兽 :猝不防及[doge],<嘿有飞碟还有怪兽>: 回复 @Doubledoubleqing :我心里[并不简单],<Doubledoubleqing>: 回复 @嘿有飞碟还有怪兽 :在哪里可以看[doge],<嘿有飞碟还有怪兽>: 回复 @Doubledoubleqing :本大大写的[doge]起于生活，高于生活，文风雄健，文笔细腻，于字里行间品味人生百态,<Doubledoubleqing>: 回复 @嘿有飞碟还有怪兽 :谁写的，有资源吗[阴险]]
6077588122	整理那些值得回味的婚变文小说合集。 ​​​​	[<Blue寥寥清欢>: 阮陈恩静》超好看的,<Blue寥寥清欢>: 回复 @我心雀跃呀 :《阮陈恩静》超好看的,<沉默的大多数Z>: 回复 @甜文少女 :666,<杨洋lzz>: 回复 @甜文少女 :这本好看,<君清澜Ann>: 回复 @我是獭七最爱的coco :水土不服就服你,<阿宁啃西瓜>: 回复 @甜文少女 :看完了。写得很好。刚开始看他们上学那里觉得很甜。后来是挺虐心的，但是对女主来说结局是好的,<lll给你小心心>: 回复 @甜文少女 :男主好渣，当时看得我心里贼难受，出轨，唉，男二上位,<敏敏daydaystudy>: 回复 @甜文少女 :刚看完，没哭，对女主来说，感觉是一个不错的结局，男主后来说复合的时候，我还真怕女主答应，足见婚姻里沟通多重要，唉！,<-放愛一條生路>: 回复 @甜文少女 :尼卡的文都特别好看啊,<KimSukiii>: 回复 @甜文少女 :看了一半女主也太会来事了，老是受人挑拨不相信男主[汗],<yt知乐>: 回复 @甜文少女 :刚看完  男主死了成迷  看来我先在抗虐 没哭 故事挺吸引人,<CR7家的小仙女>: 回复 @甜文少女 :超甜的看了推荐才看的，特别喜欢[微笑],<何以琛着腰了>: 回复 @healer-agent :又……又改了[费解],<何以琛着腰了>: 回复 @木木慕小鱼 :是好的结局！！！！（其实中间也不虐，就是两个人的磨合）,<沉于溺>: 回复 @甜文少女 :有谁有资源的嘛求[求关注][求关注][求关注],<左迟沉7>: 我看过一本《你不该背叛我们的婚姻》女主发现老公出轨收集证据，用窃听器听老公和情人开房，年轻的老板追求她，但后来好像被发现利用她还是怎样。女主在自家阁楼自杀，把老公出轨的证据放在衣柜里，所有人都以为女主失踪了，后来发现尸体，老公是嫌疑人……看的很压抑，最后两个章节看的我有点喘不过气,<袁臭臭和陈香香的幸福生活>: 回复 @甜文少女 :看得我身心愉悦的一本离婚文，女人就该这样,<方圆几公里内文艺小清新>: 回复 @甜文少女 :求私！！,<27秋水->: 回复 @甜文少女 :大晚上看的我哭起死去活来的,<冰淇淋与茶haha>: 回复 @甜文少女 :这个好看啊,<mc少年哲>: 回复 @甜文少女 :卷卷～好萌,<是嘉婷啊>: 回复 @彭小姐好白 :心疼寅正唉,<你的小骄傲->: 回复 @甜文少女 :这本小说当初看的的我心都要扎碎了[拜拜],<秦久啊>: 回复 @甜文少女 :好看的啊,<婚纱照与温莎结>: 回复 @甜文少女 :看了，没看完，心里难受，脑子里面一直浮现“复合好不好 重新来过好不好  ”真的超级难受,<QNing_KING>: 回复 @CHeErLyuP :别这样，我害怕,<CHeErLyuP>: 回复 @QNing_KING :哈哈哈哈你猜啊🙊,<淋了雨会着凉CHanui>: 回复 @甜文少女 :看完觉得这个名字取得真的很好,<独予我L>: 回复 @甜文少女 :子君和涓生不是鲁迅的伤逝里的主人公？？？,<欅坂魔力鸭守屋茜>: 回复 @甜文少女 :这本是我看了一次之后再也不想看的[摊手],<todo_color>: 回复 @哎哟美丽哥哥 :在哪里看的啊[馋嘴],<QNing_KING>: 回复 @CHeErLyuP :男主身心纯洁么？,<胖胖酱-_->: 回复 @甜文少女 :女主性格一言难尽....拖沓看不下去,<纆瑾笙>: 回复 @甜文少女 :受是和女的结婚？那是。。。双性恋？[二哈][二哈],<假装自己是个荔枝>: 《新婚日记》 婚姻调查：请用一句话来概括你的丈夫。   1.结婚前：话少、行动派。   2.结婚后：温柔、话少、行动派。   3.提离婚后：能干、温柔、话少、行动派。   4.怀孕后：暴躁、不能干、温柔、话少、行动派。   5.产子后：哔——   （重复第三条第一项，陷入死循环……）,<你的梦想我的远方>: 回复 @萌神悦悦_失联中 :虐不虐🙈,<JJkakun>: 回复 @甜文少女 :小说里没贺涵好么…,<橘岛爱人>: 回复 @一桃叶渡 :令人窒息的操作 哈哈哈哈哈哈,<一桃叶渡>: 回复 @甜文少女 : @橘岛爱人  送我们老舍上去,<__花开成海>: 回复 @甜文少女 :基本就是从他俩女儿死的时候哭到最后，恨死男主了，觉得男配好暖～,<WIN-惊蛰>: 回复 @甜文少女 :有没有资源啊,<Ldnan_>: 回复 @甜文少女 :苏寅正 周商商 韩峥 各有各自的不甘,<Yuaner-rrr>: 回复 @甜文少女 :好看好看,<沈笙年>: 《不曾走过，怎会懂得》我也不知道这个算不算啊，凑合着看吧，还不错，啦啦啦啦啦[doge][doge][doge],<是超甜的大白兔奶糖>: 回复 @甜文少女 :感觉很虐[泪]虽说男主真的是渣,<沐木Tr>: 回复 @甜文少女 :全程笑到尾，脸都笑酸。这个文百度上都有的,<陈然然会动耳朵>: 甜少可以整理一下同人啵[污],<NaJa在在的石开sama>: 回复 @甜文少女 :为尼卡疯狂打call，云胡不喜也超级好看，真的她的书格局都很大，除了慢热点没有其他任何缺点啊,<纯黒的女朋友>: 回复 @苼葵 :不能接受，那是自己的问题，说明没放下，怪得了谁？,<想不出名字用了>: 从此以后，你们将来多条微博下看到我的身影，为我的书打！广！告！直到我被各大博主屏蔽为止[黑线][黑线]没错就是本人新晋作家，[嘘][嘘]首发小说在起点阅读，作者张才人，书名奕欢，有空看看吧，不收钱的,<我是一桶啊哈哈哈>: 回复 @甜文少女 :好看蛮好看的，但感觉女主之前有点作，但后面还行,<Darry1112>: 回复 @甜文少女 :文笔太烂 剧情太俗 看一半忍不住弃文 看多了高质量文看这个 唉 希望以后作者能越写越好吧[委屈],<奶瘾少女吖>: 回复 @甜文少女 :看完了 打个卡 这是一本我边看边想骂人的小说 哎。是那种哭不出来的虐,<叁玖玖玖啊>: 回复 @甜文少女 :为折火一夏打call喜欢她的文！！,<叁玖玖玖啊>: 回复 @甜文少女 :飘阿兮的文都好喜欢的！！为阿飘打call！！！,<橙橙是个小公举>: 回复 @-郭莹莹莹莹嘤嘤嘤 :求链接啊，美女,<寺依41>: 看到老舍我以为会有《穆斯林的葬礼》,<我没有名字我不知道>: 回复 @甜文少女 :对男主心疼不起来，对他最后说的贺太太，我疼，不但不心疼一点感觉都没有，就你疼，你怎么不想想之前贺太太疼不疼，瑞瑞疼不疼。]
6077588122	推荐那些精彩刺激的无限流小说合集。 ​​​	[<地址不详啊>: 回复 @甜文少女 :在神之爱有点看不下去了，感觉作者陷入一种套路循环，没有前几个世界精彩。不过真的很特别。,<八点半的moonlight>: 回复 @_沈墨初_ :[允悲][允悲][允悲]那个把自己老公吸收了那个梗吓死我了 不寒而栗,<藏妖_桃花流水鳜鱼肥w>: 回复 @甜文少女 :疯狂打call ！！！,<长大了才会有更多的烦恼>: 回复 @满满麻麻1013 :前面超级好看,后面看不下去了,<叫我短小君>: 回复 @甜文少女 :超好看！这个作者的文都不错，主配角反派智商在线，各种斗志斗武，重点是主角一开始都是凭借智商慢慢成长起来强大武力的！喜欢智者型主角的千万别错过啊！,<你说你在这里干嘛>: 回复 @甜文少女 :一开始真的很好看…可是越到后面剧情就越乱……[允悲]感觉没有一个强有力的主线贯穿着,<ORANGE_三二一>: 回复 @甜文少女 :这本是我看过的无限流里少有的女主线，脑洞大，像一部奇幻世界游记，不完全恐怖，很有意思,<揽清秋VC>: 《地狱公寓》算吗？,<Trndsttree>: 回复 @甜文少女 :这本真的超好看看了三遍了妈的容离真的看哭好多次!!啊里面有关于道德经茅山的部分真的超级好看 想看这种关于道士之类的文了突然!!？？,<野莓糕>: 回复 @qqnlzzzzzzzz :支持,<移屾少女->: 回复 @甜文少女 :有那么点点像饥饿游戏呢,<阿根身下妖>: 快穿女配 反派boss有毒,<berry222>: 无限流的小说 超好看！！,<Sakatamana>: 回复 @甜文少女 :好看！！！,<_拾期>: 回复 @吸血姬是我闺女 :那就是恐怖高校跟地狱公寓我又一次搞混了[允悲][允悲],<吸血姬是我闺女>: 回复 @_拾期 :叫地狱公寓,<吸血姬是我闺女>: 回复 @Buweei天鸢 :我也超级喜欢这本书，可惜后来没有看到类似的小说了,<咸菜坨坨啊>: 回复 @甜文少女 :这本真的超好看！！看如月车站的时候又害怕又忍不住看下去,<哦那你不是好棒棒>: 回复 @我Loveshy :哇  很多年前看的了 不好意思我看的盗版[允悲]在网上搜的免费下载的那种,<我Loveshy>: 回复 @哦那你不是好棒棒 :请问在哪看！！！,<我Loveshy>: 回复 @甜文少女 :在哪里看啊,<山的那边有一只baby田>: 惊悚乐园好看[嘻嘻],<山的那边有一只baby田>: 回复 @甜文少女 :超好看[嘻嘻],<丫头拾七>: 回复 @甜文少女 :和空姐同居的日子    超级好看，应该也是无限流类的小说,<酒猫盒子>: 回复 @甜文少女 :好看到炸裂，强推真的！！！,<谶绝>: 回复 @甜文少女 :虽说文笔一般但人物刻画是真的鲜明,<婛瑜>: 回复 @壹甁芝華仕 :终于看到有人说惊悚乐园了，这么经典我还纳闷怎么没有人说，我觉哥吧，人不冷骚话多。,<捧着空气的少女>: 回复 @甜文少女 :邪王追妻？？？,<棠小妖爱吃芋头>: 回复 @ivyyyyyyyyyyyang :电影院前期写的很认真，后期就来是浪了,<棠小妖爱吃芋头>: 回复 @满满麻麻1013 :地狱电影院是我追了好久的……现在……我感觉叶想不像主角啊,<棠小妖爱吃芋头>: 回复 @凉口三三 :就是到了另一个世界，拿技能，打打杀杀,<棠小妖爱吃芋头>: 回复 @甜文少女 :这本是开创了无限流的，之后超多模仿,<凉口三三>: 回复 @甜文少女 :听不懂你在说什么。。。,<wzsrlglhhh>: 啊啊啊啊超喜欢这一类！,<我是杨洋小迷妹biu>: 回复 @多事三三 :痒繁于,<TeddyHan>: 这一系列看起来很费脑子,<薛之谦九亿少女的梦>: 回复 @走吧陈伟霆 :看了推荐去看的~特别好看~良心大作[闭眼],<薛之谦九亿少女的梦>: 回复 @甜文少女 :好看！！！但是好像没完结~,<Final加油多拿A>: 零落成泥的吓死人了 超级好看 看了三遍,<老少女王烦烦>: @Arya丶靖  这里,<绿叶子e>: 回复 @不穿内衣好凉爽 :好哒～谢谢[强]🏼,<红粟>: 回复 @z萝卜诶 :第一本晚上七点看到早上七点的小说[允悲]现在看着觉得很多桥段老套了，当时简直看得停不下来,<杂货铺o>: 炮灰女配逆袭记！！！女主叫宁舒 别看它书名很fzl但是起码我看了两千多章女主的三观都是超正的啊啊！完全没有恋爱部分！做任务就是根根本本从原主愿望着手 不出卖色相！！不撩汉！遇见渣男直接怼啊！还在更！大长文！真的吃这个粮以后其他的同类型的书我都看不下去了！,<不能因为我超萌你就打我呀>: 回复 @甜文少女 :挺好看的，就是我没坚持看完，但真的挺好看的,<听说我是PlanA>: 反派逃生指南   还在连载 晋江的  贼刺激  言情类的  作者脑洞超大文笔也很引人入胜,<听说我是PlanA>: 回复 @qqnlzzzzzzzz :好看！！！！,<听说我是PlanA>: 回复 @甜文少女 :设定有点苏但是完全不觉得看不下去！！很好看！！！,<予北以欢>: @用户6128830049  来来来，无限流应该是你前段一直喜欢的风格,<期年不遇天真>: 回复 @壹甁芝華仕 :为觉哥打call！！！,<tomydestiny>: 回复 @灯光师摄影师 :这个特别特别特别特别特别长 越写越好的属于]
6077588122	#网文回忆杀# 你最难忘的一次看小说的经历是什么？ ​​​	[<-AnEcho>: 回复 @木子立里幺 :觉得大王也很帅 面瘫着也帅[泪],<花田勋鹿>: 回复 @诚哥Lsccccc :社会我诚哥，人帅钱还多,<方均根1>: 回复 @千烊屿千 :看到绘梨衣死 直接在上课的时候哭了[大哭],<兮兮加油哇>: 回复 @儇Tiffany :看了一个月全职[二哈],<yi虚拟小号的meu香菜宝宝>: 回复 @你一笑整个世界都明媚了 :vivo自带的，掌阅ireader,<yi虚拟小号的meu香菜宝宝>: 回复 @盛小刀- :何以道殷勤，约指一双银[挤眼],<盛小刀->: 回复 @yi虚拟小号的meu香菜宝宝 :何以致区区。耳中双明珠,<喵呜_Seven>: 看怨气撞铃之后，睡不着觉了,<子轶墨轩>: 盛世谋臣 看着看着被剧情吸引而忘记了男女主的感情线[挖鼻][允悲],<hi你会唱温柔吗>: 回复 @世上再无周衍照 :我看了春风的简介 妈妈和男友在一起也太恶心了卧槽,<任雨薇v>: 刷了好久评论都没看到斗破苍穹[允悲][允悲]想当初我初中的时候熬夜通宵的看，看得我热血沸腾的，人生中唯一一次的通宵就献给了它！,<姻不是欣和烟>: 回复 @宋莹同學 :看过了，可是没有感觉啊，难道是因为我年纪大了？没有别的意思，就真的想问问你们的年龄多大了？,<M鹿M_7luhan>: 回复 @千玺味的梨子绿 :这是我看过最矛盾的小说 每次想到楚世修都觉得他是一个让人心疼的存在,<你一笑整个世界都明媚了>: 我看小说的时候，我弟就问我，你看个小说一个劲的傻笑啥[摊手][摊手][摊手],<你一笑整个世界都明媚了>: 回复 @yi虚拟小号的meu香菜宝宝 :我想问一下，你这是用的什么小说软件[允悲][允悲]一直没找到比较好的软件[允悲][允悲][笑cry],<柠檬恩灿139>: 一生的故事，徐知着真的影响了我的三观，世界上怎么会有那么好的人，他不幸但乐观，他说:除却生死无大事。 很难过的时候想想他感觉总能熬过去的,<mc少年哲>: 回复 @奶油广智 :爱我藤萍,<错意舒>: 回复 @MengMeng哒Zzzz :[doge]这样子啊。有空去看看。,<HH_lia>: 临床医学生，考试月，9门专业课，在那熬夜刷『遇蛇』。“我不跟你玩了”，艾玛，最后一下让我哭死[允悲],<elle_manque>: 曾有一个人，爱我如生命[拜拜],<非良人何需装纯>: 天才儿子腹黑娘亲,<MengMeng哒Zzzz>: 回复 @错意舒 :匪我思存迷雾围城女主也叫秦桑 都是秦桑低绿枝,<MengMeng哒Zzzz>: 回复 @我是阿狗君 :迷雾围城 匪我思存的 我现在想起来浑身发冷起鸡皮疙瘩 男主最后跳下城楼死了临死之前想的却是下雪了不知道秦桑(女主)会不会冷[泪],<ZJIUYA>: 看微笑啊。感谢微笑让我开始对电竞圈感兴趣，然后粉上了OMG，粉上了冷少夕阳马哥世界妹妹jiekou小五啊[心],<追剧兔兔_>: 回复 @诚哥Lsccccc :骚话满天飞哈哈哈哈哈哈,<Eternity5203>: 回复 @坨坨的鸡米花 :没事没事,<坨坨的鸡米花>: 回复 @Eternity5203 :谢谢,<Eternity5203>: 回复 @坨坨的鸡米花 :心坟，祸国，憾生，东宫,<坨坨的鸡米花>: 回复 @Eternity5203 :书名,<九九阿鹿>: 回复 @谓长安 :哈哈哈,<九九阿鹿>: 回复 @CristianoLiLi :二哥,<九九阿鹿>: 回复 @乖一点刘薇就亲你 :dd我觉得楚世修不该回来(T_T),<九九阿鹿>: 回复 @INF家花栗鼠 :同！,<我心中的湖蓝>: 回复 @Lai_Guannim :她的书都还可以，最喜欢容景云浅月，毕竟看了两个月,<wind-in-ur-hair>: 回复 @儇Tiffany :密室困游鱼 蜜汁炖鱿鱼[doge],<Eternity5203>: 回复 @坨坨的鸡米花 :我发的都是完整的啊,<Eternity5203>: 回复 @坨坨的鸡米花 :哪个全文？,<科比罒v罒>: 回复 @yi虚拟小号的meu香菜宝宝 :啊啊啊啊超级爱这两只！[心][心][心],<YeaHLor>: 回复 @Lai_Guannim :容景[心],<Lai_Guannim>: 回复 @我心中的湖蓝 :是是是都是西子情的书,<我心中的湖蓝>: 回复 @Lai_Guannim :这本也好看，京门风月也还可以,<Lai_Guannim>: 回复 @我心中的湖蓝 :我比较喜欢妾本惊华，一直对云锦恋恋不忘[喵喵],<Lai_Guannim>: 云锦[心]凤红鸾     谋以十丈方圆,<我心中的湖蓝>: 回复 @Lai_Guannim :对啊，太长了,<Lai_Guannim>: 回复 @我心中的湖蓝 :容景,<Lai_Guannim>: 回复 @黄晓風_ :云锦[心]凤红鸾,<Lai_Guannim>: 回复 @YeaHLor :云浅月[心],<i云小朵er>: 暑假连续一周躺床上刷小说,<坨坨的鸡米花>: 回复 @Eternity5203 :能把全名报给我吗,<坨坨的鸡米花>: 回复 @只是一个大大大小号 :我的女孩，祝你一生平安喜乐。,<长街简巷>: 回復 @promise程长卿 :我也觉得朱亚文可以欸，吴彦祖你觉得呢？,<椒媛蛋白>: 回复 @当与子归qq :我之前也不怎么接受的了，但是这部真的好看！！看过的唯一一部耽美,<两串烤鱿鱼>: 回复 @两串烤鱿鱼 :《他从火光中走来》这个丝带儿的也好看,<Dear鹿晗LU>: 回复 @千玺味的梨子绿 :大爱厉爵风啊啊啊，厉爵风大男神,<NIrVaNaGod>: 回复 @gakki0708268 :是的哈哈哈哈[笑cry],<x_Hxy>: 回复 @薛定谔丢了喵 :哈哈哈哈哈哈哈哈哈哈哈哈莫名心疼你[允悲]不过撸啊撸的操作确实比农药难[允悲]而且咱也没有可以躺赢的ad[允悲][允悲][允悲],<第一控球后卫>: 回复 @减肥和考研 :重生之将门毒后[污],<愿时光温柔以待x>: 回复 @你是暖阳丶最美_ :永安调，好看[憧憬][憧憬][憧憬][憧憬],<愿时光温柔以待x>: 回复 @少女崔1104 :彭野，最爱的男主[心][心][憧憬][憧憬]]
6077588122	整理那些看了长知识的写得很内行很专业的小说合集。 ​​​	[<想不出名字用了>: 哈哈，我又来无耻的打！广！告！，对，就是在下，新晋作家张才人[害羞]小说首发在起点阅读，书名奕欢，那啥，有时间去看看哈，不收钱的,<袖尹嘻嘻>: 有没有关于化妆或者护肤美发的,<Murck_>: 回复 @甜文少女 :更爱一生孤注掷温柔,<不是数学家>: 回复 @甜文少女 :对对对！我不信佛的人，对这种文其实也不是很感兴趣的，当时看得我想出家！,<天空背后是云朵出世259695>: 回复 @甜文少女 :整个系列都很涨姿势啊,<簌簌novem>: 哇 我超级喜欢这个// @甜文少女 ：《在甚高频里念一首十四行诗》弗rar。空管/飞行。程阳，进近管制员，日常工作是同时指挥十几架飞机的航向、速度、高度，并引导他们落地/起飞爬升，并应对复杂天气，并处置各种特情，并带徒弟。褚世清，飞行员，不太能理解管制的工作 http://t.cn/R54T4Pd,<豆腐小王王>: 回复 @甜文少女 :这个作者的文感情线一直不多，但真心好看的,<豆腐小王王>: 回复 @甜文少女 :不是我说我真的觉得这个作者写文好认真的感觉,<朕的昵称总是被占用>: 回复 @甜文少女 :这作者抄袭吧,<是九蓓啊>: 回复 @甜文少女 :真的看完她的三本书.我都想当警察了[允悲],<D灬荆棘>: 娇娘医经！！！！！！疯狂为我程娇娘打call,<假装自己是个荔枝>: 回复 @八与七- :完结了么，有没有完结的小说推荐[可爱][可爱],<假装自己是个荔枝>: 回复 @八与七- :我刚刚在搜今夜离港虐不虐，结果贴吧还有人讨论慈悲城，有个人说超喜欢男配，可惜死了[允悲]然后就有人问不是没死吗[doge][doge],<八与七->: 回复 @假装自己是个荔枝 :好..好看呀，虽然专业但是并不枯燥！男主很会撩，很甜的！安利_(¦3」∠),<假装自己是个荔枝>: 回复 @八与七- :那好看吗？吻香[费解][费解],<三个大石头123>: 回复 @Trangel姽婳 :超喜欢女主[doge][喵喵][二哈],<Trangel姽婳>: 回复 @三个大石头123 :很赞啊,<脱下头套我又是一帅哥>: 回复 @甜文少女 :对这本书印象最深刻的是，那些分尸，杀人什么的方法[笑cry],<GRI_zyting>: @多说无感123456,<西班牙三棵树-w>: 翻了好久都没有看到语言类的文，心塞塞,<IYE呀>: 回复 @甜文少女 :这个超级好看！看完觉得意犹未尽作者写的太短了啊哭唧唧,<桐树有影哎>: 回复 @甜文少女 :看到推荐去看了，我学德语专业表示尤其喜欢前部分的情节，被书中安利了Es ist ein Schnee gefallen，很喜欢,<麋璐啦>: @大喵儿酱  总有一款适合你,<咸鱼少女陆陆啊_>: 回复 @幕帘子 :哈哈哈哈哈哈,<幕帘子>: 回复 @咸鱼少女陆陆啊 :看完了过来打卡！确实专业！！！！！！！！,<ifeltgood>: 回复 @甜文少女 :罗什不得不破戒还有饥荒那里 真的很让人难受,<米安奈_蓝>: 回复 @甜文少女 :这个我看了不下五次，关键它很长。很多佛教的专业语,<在这好不好>: 回复 @許嵩是我男神啊82531 :有道理，哈哈哈,<可爱的玖浅>: 回复 @无忧哈哈哈哈 :哈哈哈哈哈哈哈哈,<松月sama>: 回复 @甜文少女 :因为博主的推荐特地去找了这部小说来看，为作者的学识折服的同时，更倾心于文中对道德与人性的讨论，感谢文中每一个愿意牺牲的人,<仙人掌和小鹿>: @有道云笔记收藏,<仅是一朵小花>: 回复 @甜文少女 :看了这个推荐，开始犹豫要不要继续再看一遍。这个文真的很赞,<小短腿黑炭>: 回复 @-阿秋阿秋 :哈哈 就知道没这么简单[允悲],<-阿秋阿秋>: 回复 @小短腿黑炭 :挺好的挺好的  就是没小说那么…通俗易懂？其实都是很专业的知识,<小短腿黑炭>: 回复 @-阿秋阿秋 :心理学不好吗 我还想上大学那这个专业,<无忧哈哈哈哈>: 回复 @可爱的玖浅 :里面很多小黄文,<女亭姬>: 回复 @喂喂萌 :那徐徐诱之也很不错啊,<我的爱豆是伯贤_>: 竟然没有《心理罪》 @雷米26,<明天见w>: 金。。金瓶梅？[doge],<蓝忘机问灵十三载>: 回复 @LZY_better :一生,<接吻接稳>: 哑舍！！！看了从此爱上历史[二哈][二哈],<小仙女太迷人>: 回复 @爱吃冰糖葫芦的葬爱家族二小姐 :我也觉得不错，赞一个[二哈],<玻璃晴朗橘子辉煌H>: 回复 @玻璃晴朗橘子辉煌H :107赞0回复惨案,<反正今天也是瘫着>: 回复 @甜文少女 :听起来这个作者很可爱呐,<丁-Cwl>: 回复 @歌神牛腩 :真的贼6,<笑魇如花yi世繁华>: 回复 @crazy_马甲 :嗯嗯，这本前段时间刚看过，喜欢～,<歌神牛腩>: 回复 @丁-Cwl :哈哈哈哈哈哈应该混过银行 笑死我了,<坎第斯微>: 回复 @甜文少女 :我觉得逻辑性不强,<兮里苏>: 回复 @戳戳鹿爷z :晋江真的有啊,<庸人常立志>: 回复 @_舟渡 :终于翻到啦！想推这个！,<烂柯人hhh>: 为诚哥疯狂打call!!!让我对电竞超级感兴趣,<烂柯人hhh>: 回复 @咸鱼少女陆陆啊 :哈哈哈我也是,<crazy_马甲>: 回复 @甜文少女 :还有一本，《论以貌取人的重要性》，是从科学角度解释风水，顺便做了很多骗局科普，bl，超甜]
6077588122	整理那些男主爱撒娇、吃醋、粘人的小说合集。 ​​​	[<吃下这只桃子>: 回复 @把野草当玫瑰-- :照片是谁啊啊啊这小说是真的吗啊啊啊,<官你high事>: 回复 @甜文少女 :我有这个的百度云,<mrtyyuio>: 回复 @甜文少女 :我喜欢这作者其他小说，花羡名字好听但不好看[允悲][允悲],<不会吃奶酪的鱼>: 回复 @鹿先生的留声机 :大家一本正经的胡说八道[二哈][二哈],<胖墩是没资格抱怨的>: 回复 @甜文少女 :看不下去,<二楠酱->: 回复 @灵詞 :打LPL的 WE战队ADC Mystic 爱称大舅子[兔子]韩国人 音译 陈圣俊 微博id 圣俊大将,<孤寂黑雨夜>: 回复 @甜文少女 :哈哈哈，我荡小公举，要宠着的,<二毛毛毛毛的日常>: 回复 @甜文少女 :我靠不要这样，这个看过无逻辑。。。。[允悲][允悲][允悲][允悲][允悲][允悲]道具都很难找吧,<树影和婆娑>: 回复 @甜文少女 :受不了他下药给李微然上了其他女人 受不了他做出这种事,<罗颖萍-lyp>: 回复 @可人兒的小太陽 :公子倾城,<xxxgblyz>: 这就是周荡啊我日,<乔城w>: 回复 @二楠酱- :[悲伤][悲伤][悲伤],<灵詞>: 回复 @二楠酱- :哇请问这个是谁！,<把野草当玫瑰-->: 回复 @你眼中有星辰与大海 :郑帝元喔,<游游鱼君>: 回复 @甜文少女 :我应萌萌啊不是一般的萌[并不简单],<你眼中有星辰与大海>: 回复 @把野草当玫瑰-- :这是谁啊,<不过六级不改网名的宣二狗>: 回复 @请把张艺兴送给我 :我也想要张艺兴[看看],<把野草当玫瑰-->: 回复 @叶不修的大可爱 :郑帝元,<叶不修的大可爱>: 回复 @杞恂Qi :[拜拜]看到后边心窝子有点儿疼,<叶不修的大可爱>: 回复 @嘿倩baby :我为书佳上王者,<叶不修的大可爱>: 回复 @把野草当玫瑰-- :这个是？？？,<美歪w>: 回复 @甜文少女 :姐弟恋,<原来是哆啦呀>: 回复 @甜文少女 :爱周荡 [心],<橙色迷妹>: 回复 @二楠酱- :谢谢你[污],<美歪w>: 回复 @甜文少女 :大舅子吧！！,<一杯烈酒LAY>: 回复 @甜文少女 :那个房什么死的时候想杀了作者（原谅我不记主角名字）,<一杯烈酒LAY>: 回复 @Liamsham :没啊 感觉不怎么想 就是主角背景差不多 都是什么世家 豪门,<starlight轩>: 回复 @甜文少女 :疯狂为我们木头和穆承和打call[爱你][爱你],<loli_Wei>: 回复 @甜文少女 :寒时哥哥啊，尾巴敲可爱,<loli_Wei>: 回复 @甜文少女 :周荡周荡，周荡在吗？ 荡你妈哈哈哈哈哈哈哈哈哈 周荡是小公主要宠 我wan神啊啊啊啊啊为我小公主疯狂打call,<易燃易爆炸阿染>: 回复 @二楠酱- :[笑cry]是个韩国人啊,<fairysevenLee>: 回复 @甜文少女 :荡荡啊啊啊啊,<hihihihibbgirl>: 回复 @甜文少女 :前面剧情没感觉，后面很喜欢墨珏和叶薇，以及小白和墨遥……写的挺精彩的[允悲][允悲],<一杯烈酒LAY>: 回复 @A暗恋陆之昂 :这本书那年的 我在另一本书上看到过这个片段,<一举如愿>: 回复 @Q弹小笼包_Abby :[眼泪][眼泪][眼泪][眼泪],<别扭王_>: 回复 @甜文少女 :好好看[羞嗒嗒][羞嗒嗒][羞嗒嗒][羞嗒嗒][羞嗒嗒],<Q弹小笼包_Abby>: 回复 @一举如愿 :对对对。狗胜蛮爱撒娇的(=￣ω￣=)　,<一举如愿>: 回复 @Q弹小笼包_Abby :《不正经深情》,<二十二个喂喂>: 回复 @甜文少女 :周荡也很宠书佳啊！！,<二楠酱->: 回复 @我就你看我不爽的样子 :打LPL的 WE战队AD Mystic 爱称大舅子 韩国人 名字叫做陈圣俊  微博id 圣俊大将,<二楠酱->: 回复 @易燃易爆炸阿染 :打LPL的 WE战队AD Mystic 爱称大舅子[兔子]韩国人 名字叫做陈圣俊  微博id 圣俊大将,<我名字又被抢注了>: 回复 @甜文少女 :荡你妈哈哈哈哈哈哈哈,<我就你看我不爽的样子>: 回复 @二楠酱- :这人是谁,<易燃易爆炸阿染>: 回复 @二楠酱- :这个是谁！！,<KONG谨>: 回复 @张佳敏敏敏敏敏 :这么久都没有看见我的言大美人和小阿衡，现在终于看到了[二哈][二哈][二哈],<萧尹啊>: 回复 @二楠酱- :这个帅！！！,<山里有个霸王爷>: 回复 @瑾哒哒的小马甲 :别这样[doge],<瑾哒哒的小马甲>: 回复 @山里有个霸王爷 :pyl不是贵妇吗[喵喵],<咸咸鱼忆>: 回复 @他眼里有星光满地 :对对对,<咸咸鱼忆>: 回复 @割麦子同那名叫贝儿的不倒稻穗 :+1,<咸咸鱼忆>: 回复 @尅尅我是九七 :有一段有一点点,<咸咸鱼忆>: 回复 @甜文少女 :超级好看哟哟哟,<用户5973714649>: 回复 @甜文少女 :在哪里可以看啊,<啵儿>: 回复 @就这样小超人 :诚哥！,<阿阿阿初子>: 回复 @R_punch :真的有这本书……风景旧曾an写的,<把野草当玫瑰-->: 回复 @一点乔安酱 :郑帝元,<一点乔安酱>: 回复 @把野草当玫瑰-- :谁啊,<不过四级不改名____>: 回复 @甜文少女 :每个人喜欢的点你不一样啊，你不喜欢看总有人喜欢啊，有什么不可推的,<wwwright>: 回复 @甜文少女 :超好看啊啊啊啊啊啊[大哭]]
6077588122	#推文#如果只能选一本，你最想给别人安利的小说是？ ​​​	[<今日食胀哞>: 回复 @是典典吖 :幸好最后还是回来了[害羞],<一路庚随韩咩咩>: 回复 @QiANWEN-i :高二看到研二，最起码200遍了[二哈],<Ricolin->: 回复 @宝宝不知道改什么 :“来娶你了，沈娇娇。”“好久不见，谢小侯爷。”,<Ricolin->: 回复 @浮漾阿 :搞笑了，融梗抄袭有理了？怨气撞铃和这本确实类型不一样，可开头女主进雪地就是同样的啊[摊手][摊手]还有融了T大《那个不为人知的故事》的梗啊，你喜欢融梗喜欢抄袭我不care，我们只想告诉路人，这本小说或者说玖月晞这个融梗女王的小说就是融了很多原创作者的心血。,<元气少女想想想>: 回复 @youzulu :疯狂打call！！！,<茗温>: 回复 @snow_babybaby :嗯…虐的部分…不多的[允悲]就一点点,<萌萌哒的晴晴2>: 回复 @皮皮頔今年三岁辣 :为阿九疯狂打call[心][心][心][心],<云墨初定>: 腹黑毒女，神医相公,<雪仔smile>: 回复 @赵Tyumen :一见容止误终身，不见容止终身误[爱你],<用户esu7zc2hia>: 回复 @她无影原来是梦里 :好看！！！！,<--阿桃呐>: 回复 @-小俞儿- :给我诚哥打call！,<李二硕的小迷妹格格>: 回复 @皮皮頔今年三岁辣 :感觉所有的男配都喜欢女主[允悲],<赵佳瑶Y>: 回复 @抱紧瘦了17点8斤的寄几 :超级好看￣ ￣)σ,<马儿鹿鹿>: 回复 @-小俞儿- :一通宵看完了,看完了甜哭了我[泪][泪][泪],<就想养只皮卡丘>: 回复 @香菜与牛肉 :初中才开始看的我 是在下输了[作揖],<glory__lotus>: 回复 @折眉几年 :最爱的小说了，没有多狗血的剧情。 世上顾平生会有顾平生这样的男孩子吗？唉,<你知道猫腻吗>: 超喜欢辰东的神墓，三遍了，那么长我还是女生,<M指鹿为攻M>: 回复 @抱紧瘦了17点8斤的寄几 :最爱没有之一,<百只雏狸neko>: 感觉推来推去都那么几本  去看都是不喜欢的[允悲],<不是数学家>: 回复 @文乙雨木 :给振华疯狂打call！！！,<一个集贫穷与没钱于一身的男子>: 回复 @暖不热色公子 :打call！过年生病住院看的，看完心里真的是不舒服，但是真的写得好！,<程小皇帝>: 回复 @东永裴的小娇妻 :荡你妈[doge],<游游鱼君>: 回复 @月亮晚歌 :我操这本必须点赞[憧憬],<游游鱼君>: 回复 @youzulu :昨天把这本看完了，终于知道天天就是天天是啥意思了[污],<树风招大kale>: 回复 @瓜皮影爱吃小奶片 :对对对 这本很有爱  但是就看这两个哭惨了   不是薛杀人太多的话  太想站这对了,<一人半生>: 我在笑，你在闹    沈沈沈瑜[心][心],<Ireneiie>: 回复 @牛奶味的阿离 :妈的就是这个理，每个人在很喜欢很热爱某样东西的时候都不希望别人来莫名说一句不开心的吧，也没不准你说不好看啊，但你也得挑地方说吧，只是这层都是大家喜欢的东西，你这么来说被喷不是活该吗[摊手],<安哥拉angel618>: 回复 @皮皮頔今年三岁辣 :我的第一本古言啊啊啊啊！超好看！,<浮漾阿>: 回复 @Panpanmirror :同意,<浮漾阿>: 回复 @李冰洁July :纸书有多几章,<韩小妞A>: 回复 @idtakkoineun :而且说句实话，如果不是因为那本书，根本不会看 怨气撞铃，看了以后真没觉得 抄袭，而且…… 到底 谁借了谁的名气？[摊手]大家都有目共睹吧,<韩小妞A>: 回复 @搬砖圈大佬 :呵呵，如果真是抄袭，作者早就走法律程序 告法庭去了！退一万步，如果真是抄袭，制片方买版权的时候 也会考虑到……,<韩小妞A>: 回复 @一只瑜yuyu :他妈脑子没病吧你！爱看就看 不看滚蛋！我们就喜欢这本书 咋滴了？谁他妈 读书没玩儿过抄袭？ 你可以不喜欢这本书，但是麻烦你 出门左拐 哪儿凉快滚哪儿去！,<我可能改不了昵称了>: 回复 @月亮晚歌 :所以是假的？？？我 搜了一遍又一遍？？？我以为我百度出现问题了[拜拜],<用户6080782483>: 回复 @淇水之上啊 :不得长相守，青春夭舜华,<我与马克思有约>: 推篇最近看的吧 归途墨宝非宝的,<周险不险>: 回复 @嗔痴儿_w :暴露了暴露了小姐姐,<我与马克思有约>: 回复 @专业揉胸师 :百分之八十的推文都看过是什么感觉[doge],<我与马克思有约>: 回复 @茗温 :这部个人不是太赞同男女主恋爱观 不过看完了T大的所有现代文 真的很值得推荐,<Wnchantttti>: 回复 @咧的法定小女友 :亿万系列最爱非墨温暖[微笑][小黄人坏笑],<Ataraxian>: 回复 @月亮晚歌 :书名到底是什么[允悲][允悲][憧憬],<selina-peng>: 回复 @本大王出山陪你玩玩 :我就说吧，换一本看啦,<叶不修的大可爱>: 回复 @周险不险 :老奶奶都不扶就服你,<叶不修的大可爱>: 回复 @二肆肆_ :gun神!,<少女听一>: 回复 @QiANWEN-i :看了好多遍 真的太棒了[二哈],<贪吃嗜睡的少女King>: 回复 @本大王出山陪你玩玩 :[笑哈哈][笑哈哈]嗯嗯,<Panpanmirror>: 回复 @浮漾阿 :这个真的强推！一度是最爱小说前三了！疯狂打call啊！虐得心肝脾肺肾都疼了……反正看小说就娱乐自己 看的开心就好[并不简单],<本大王出山陪你玩玩>: 回复 @selina-peng :同被顾烟气死，就不能愉快地一起河蟹吗？,<本大王出山陪你玩玩>: 回复 @贪吃嗜睡的少女King :好喜欢好喜欢书里的徐司白[泪],<李冰洁July>: 回复 @慕许iv :[泪]能不能发一下链接,<本大王出山陪你玩玩>: 回复 @周险不险 :建议看江苏版，不看后悔[微笑],<周险不险>: 回复 @嗔痴儿_w :暴露了暴露了,<李冰洁July>: 回复 @浮漾阿 :求给个链接百度云也行 真的想看最后番外[泪] 我就看到最后彭野死了那部分[泪]蓝瘦香菇[泪]一直是遗憾[泪],<非良人何需装纯>: 我不喜欢这世界我只喜欢你,<Naokiz>: 他从火光中走来 刚开始迷男主后来又被女主撩到了,<Naokiz>: 回复 @西西西西子鱼 :小学最爱 还记得半夜躲在被窝里那手电筒的时光  哈哈男生看的都是从我这借的,<Naokiz>: 回复 @勿失流年hcy :斗破第二部的时候就取关了]
6077588122	还是那句话…公主号里有肉…公主号：tianwensn ​​​	[<三岁饭桶很可爱>: 回复 @吖i吖i :分享分享[太开心],<春虫虫哇>: 我有资源哈哈百度云网盘。,<-郭莹莹莹莹嘤嘤嘤>: 回复 @小鬼_chen不是cheng :私信找我要啊,<小鬼_chen不是cheng>: 回复 @-郭莹莹莹莹嘤嘤嘤 :求[可怜],<橙月酥>: 回复 @芋头不想喝茶想睡觉 :银桃花,<今天易烊千玺恋爱了吗>: 战恋雪求个百度云链接 谢谢[偷笑],<又闻雨声烦烦JK>: 回复 @甜文少女 :要资源的加一个qq群吧531397333[笑cry]我百度云里的资源损坏了,<-郭莹莹莹莹嘤嘤嘤>: 回复 @谁动了我的榴莲 :私信找我啊[doge],<谁动了我的榴莲>: 回复 @-郭莹莹莹莹嘤嘤嘤 :求。。[doge],<谁动了我的榴莲>: 回复 @吖i吖i :求资源QAQ,<噜啦噜啦嘞圈圈>: 回复 @又闻雨声烦烦JK :prince源11     求[憧憬],<吖i吖i>: 回复 @z_xyyo :百度云分享的[憧憬],<z_xyyo>: 回复 @selina-peng :好的谢谢,<selina-peng>: 回复 @z_xyyo :你在百度搜索小说名 后面加微盘两个字，可以搜到然后下载哦,<z_xyyo>: 回复 @吖i吖i :你都是在哪里搜的小说啊为什么我搜不到[允悲],<z_xyyo>: 回复 @selina-peng :在哪里看啊！！！[允悲],<旧事歁欠>: 师徒恋或许会更好[鼓掌][鼓掌],<炸鸡的小砚一>: 回复 @又闻雨声烦烦JK :求资源  砚一双鱼,<宝宝不吃豆豆>: 回复 @吖i吖i :小姐姐，求资源,<浏浏刘静怡>: 回复 @六于飞 :对,<六于飞>: 回复 @浏浏刘静怡 :那本书真的写的很好,<灼华笙桃天>: 回复 @又闻雨声烦烦JK :百度云id 雨蝶飘舞 谢谢啦,<浏浏刘静怡>: 回复 @Numskull乂 :嗯[爱心],<浏浏刘静怡>: 回复 @六于飞 :哈哈哈我也是，同学以为我疯了[允悲],<是刘->: 回复 @又闻雨声烦烦JK :嗷嗷嗷你好请问还发资源吗[允悲],<sasasasasa小姐>: 回复 @檀纪 :求分享,<六于飞>: 回复 @浏浏刘静怡 :很好看的一本书，我当时看到凌晨三点[微笑],<猪葛冰啦啦啦>: 回复 @台风吹也吹不走的墩子雯 :[doge][二哈][doge],<Religiousso>: 回复 @檀纪 :[心]求分享,<静静家的芬达>: 回复 @又闻雨声烦烦JK :求资源 百度ID：sjj彼岸花  谢谢 ✧٩(ˊωˋ*)و✧,<我再问一遍你就是我的master吗>: 回复 @邹不明白 :球员！,<大学生创新创业资讯搜罗>: 回复 @这里是浅唱啊 :战死的，死在女主面前,<阿梦梦阿锐啊>: [眼泪][眼泪]av拍摄指南有最近更新的吗,<-郭莹莹莹莹嘤嘤嘤>: 回复 @laykoko :私信找我啊！[心],<laykoko>: 回复 @-郭莹莹莹莹嘤嘤嘤 :害羞的……想你分享,<月月神qwq>: 回复 @R-in2015 :去哪里找！！,<知草北笙>: 回复 @Numskull乂 :我以前也看好多，好久没看了[允悲]根本找不到资源看。爷太重口，我记得女主喜欢把人做成尸体，男主是变态监狱的狱长，超喜欢看作者写的一点都不会觉得反感[害羞]谢谢小可爱推荐,<勿失流年hcy>: 回复 @又闻雨声烦烦JK :大佬求资源[太开心]id;陌上云暮迟迟归,<我想拥有你姜熙健>: 回复 @邹不明白 :想要原图[抱抱],<优雅婷->: 回复 @R-in2015 :我想来问个结局结果还没完结嘛,<芋头不想喝茶想睡觉>: 回复 @Numskull乂 :6了个6-快穿我也看不少，小鸟应该看过啊，acome当时太有名[二哈],<韶颜淡褪于陈旧-日光里丶08243>: 回复 @又闻雨声烦烦JK :zd1ao18  求文[太开心],<Numskull乂>: 回复 @知草北笙 :重生校园之商女  特工重生在校园  重生之爷太重口了（这本超好看！）  重生异能女   重生   看过好多，可都记不起来了[允悲],<Numskull乂>: 回复 @知草北笙 :重生末世之强女,<Numskull乂>: 回复 @芋头不想喝茶想睡觉 :个人觉得acome系列的文很好看，作者文笔很好，文也高质量，但都是短篇。肉描写的可以说是很厉害了，细腻详细。斗胆问一句，层主是否看过acome的小鸟这篇,<Numskull乂>: 回复 @芋头不想喝茶想睡觉 :承让承让[作揖],<Numskull乂>: 回复 @芋头不想喝茶想睡觉 :还有很多[笑而不语],<Numskull乂>: 回复 @芋头不想喝茶想睡觉 :快穿之肉沫飘雪   快穿之精精有味   快穿之娇花难养    快穿之名器女配    快穿之我谁都不爱  快穿之媚肉生香   快穿之一切为了“爱”    [快穿]女配逆袭（H）    宠物店的男人们    师傅不要啊    欲成欢   小白兔的进化史        食荤录   小白兔的蜕变史   小白兔的甜蜜史    春酿横流,<Numskull乂>: 回复 @浏浏刘静怡 :程迦的彭野[心],<crayonanan>: 回复 @假的乐乐 :我也求分享[允悲],<-郭莹莹莹莹嘤嘤嘤>: 回复 @很咸气 :有啊    私信找我啊,<很咸气>: 回复 @-郭莹莹莹莹嘤嘤嘤 :有吗？,<-郭莹莹莹莹嘤嘤嘤>: 回复 @不喝水的喵喵喵 :私信找我呀[心],<不喝水的喵喵喵>: 回复 @-郭莹莹莹莹嘤嘤嘤 :求一个私信，非常感谢[爱你],<甜甜颖啊>: 回复 @又闻雨声烦烦JK :大佬求资源,<吖i吖i>: 回复 @江慢慢不慢 :哈哈 我有[doge],<王什么梅啊>: 回复 @又闻雨声烦烦JK :大佬求资源[抱抱]]
6077588122	整理那些不看后悔的甜文小说合集。 ​​​​	[<日北些>: 回复 @甜文少女 :喜欢啊,<二拼拼wwj>: 回复 @Y小巷Y :还可以，我也不看虐的,<十盎司->: @别吃我的巧克力,<十盎司->: @别吃我的巧克力,<蓝胖子兜兜丸子>: “她说没有，你们注意点” “我的猫我的人爱怎么看就怎么看”  “试试咱们滚床单的时候你有没有本事抽空刷微博，还是只能缩在我怀里瑟瑟发抖哭鼻子”从此再无陆思诚[心][心][心],<云墨初定>: 回复 @甜文少女 :很喜欢啊，我的时代就是你的时代,<Real_CY->: 回复 @甜文少女 :看不下去，觉得有点玛丽苏,<鹿已成说故>: 回复 @二拼拼wwj :本来我弃了，不过一个我喜欢的公众号推了这本，然后我又捡起来看了，昨天看完了[眼泪],<Y小巷Y>: 回复 @二拼拼wwj :好看吗？我不要太虐的，甜甜甜最好[doge][doge],<二拼拼wwj>: 回复 @郝莱茵 :满汉通婚录！！！甜！！,<二拼拼wwj>: 回复 @你好我是李想么么哒 :0852,<二拼拼wwj>: 回复 @鹿已成说故 :看到游戏我都跳过去的，因为看不懂[二哈][二哈]不过我还是看完了,<二拼拼wwj>: 回复 @七珀珀珀珀珀 :对，喜欢那种氛围,<二拼拼wwj>: 回复 @Swangso :撩妹杠杠的,<二拼拼wwj>: 回复 @Swangso :小梨涡真的好看，喜欢社会我辞哥[污],<二拼拼wwj>: 回复 @Y小巷Y :最近看了很多糙汉文[doge][doge]阿南，空心人，恋过留声，归路！！还有君约的文[思考][思考],<二拼拼wwj>: 回复 @直呼朕的名讳是大不敬 :她的小梨涡[思考],<子扬ei>: 回复 @甜文少女 :这本真的赞啊啊啊啊啊,<哀极殊无悲意>: 回复 @白白白白晴_ :现在还要吗百度云,<哀极殊无悲意>: 回复 @甜文少女 :ball ball you,<岛与木海_>: 回复 @就是小文艺 :这本书后面真的是烂尾 仓促到不行,<朴灿鱼的保镖>: 回复 @这姑娘家里养了金毛 :谢谢啦[doge],<朴灿鱼的保镖>: 回复 @肆玖玖玖玖玖玖玖玖玖玖 :谢谢啊[doge],<马儿鹿鹿>: 回复 @甜文少女 :作者说，日常番外在实体书才会有，而且他说的是今年会出，还不知道啥时候，哭了[泪][泪],<马儿鹿鹿>: 回复 @一只缅因 :刚刚看完想哭了都太甜了，貌似实体书还没出，日常番外要到实体书才有[泪][泪][泪][泪],<白鹭为双丶>: 回复 @甜文少女 : @ooh-keisha   啊啊啊钟原陆子健呀！,<白鹭为双丶>: 回复 @甜文少女 : @ooh-keisha   快看！,<灵詞>: 回复 @甜文少女 :韩商言韩商言！！,<小烊的女朋友>: 回复 @甜文少女 :要死啊老甜了,<口十俊叉布>: 回复 @甜文少女 :谁能给我传资源啊？？！！,<小说链接妈妈>: 回复 @少女梁L :不是，是网页连接，但不要钱就能看,<凉菀妹子>: 北倾！板栗子！！北倾！板栗子！！北倾！板栗子！！重要的事情说三遍,<是豌豆君啊>: 回复 @甜文少女 :这个超级超级爱啊！！！！！！我的秦科！！！！不火没天理啊！！！！我已经把秦科作为自己人生理想型了！！！,<guduzhilv0926>: 回复 @甜文少女 :酒小七的文都超级好看，看过无数遍[good],<这姑娘家里养了金毛>: 回复 @朴灿鱼的保镖 :我在uc浏览器上下载txt放小说书架里看的，你也可以用晋江看,<肆玖玖玖玖玖玖玖玖玖玖>: 回复 @朴灿鱼的保镖 :晋江,<elle_manque>: 回复 @甜文少女 :女主走中单？这个我就没法代入了，我一般都走上，要不然就刺客抓人[doge],<朴灿鱼的保镖>: 回复 @肆玖玖玖玖玖玖玖玖玖玖 :问一下 你在哪里看的啊 我都找不到[二哈],<朴灿鱼的保镖>: 回复 @这姑娘家里养了金毛 :请问你在哪里看的 我都找不到[doge],<一一小馄饨>: 回复 @甜文少女 :这个超好看，排这么后，不行不行,<马儿鹿鹿>: 回复 @草莓大福201 :贼好看，甜到无法形容了[泪][泪],<马儿鹿鹿>: 回复 @木子大人ww :我的天哪，刚刚看完，甜到齁，世界上怎能可能有这种男人！！简直无敌了，甜炸了[泪][泪],<马儿鹿鹿>: 浪花一朵朵也太甜了吧，安利！！,<老铁酱汁儿>: 《江湖到处是土豪》《江湖到处是奇葩》沈小受和秦宫主啊啊啊啊啊啊啊啊啊啊 bl的 超好看了,<小烊的女朋友>: 回复 @甜文少女 :诚哥啊啊啊啊啊啊啊,<努力生长的小草L>: 回复 @夏失火 :谁跟你上升到教养的问题了，随便说别人没教养的人才没教养[抱抱],<WaNgSImInG->: 回复 @Y-Tun :嘻嘻 爱您[舔屏][爱你],<努力生长的小草L>: 回复 @听风跟我讲你 :我文笔好不好为什么要告诉你？给你写我还嫌浪费时间[拜拜],<Y-Tun>: @WaNgSImInG-   @DesperadoTofree  全看过，质量保证,<听风跟我讲你>: 回复 @努力生长的小草L :你文笔很好？你写个我看看？,<杨得得yy>: 回复 @fairy-xr :对对对，真心看不下去,<一只小仙喵o>: 回复 @一只缅因 :我也是想要！！！,<丸子特别疯>: 回复 @甜文少女 :这个无限推,<凉拌西瓜皮water>: 回复 @甜文少女 :看过，牵扯到技术层面得我还有点看不懂，但是后面真的好甜哦,<南街风情976>: 回复 @real_xxxxxk :就是说  诚哥也是gun神也是  现在又重新在刷,<我爱的木木三>: 回复 @甜文少女 :有没有资源,<LXO_1007>: 酒小七的文[爱心]️真心棒,<苑八岁>: 回复 @甜文少女 :社会我诚哥]
6077588122	#网文回忆杀# 你看过的小说里，有没有​​​哪本是看了之后不敢看第二遍的，为什么呢？ ​​​	[<_四月是你>: 回复 @甜文少女 :我也是刚想评论这书,<时遇倾城色i>: 第二根肋骨[允悲],<是TY阿>: 回复 @炸天紫茶 :表白头像 哈哈哈哈哈,<归零一玖ray>: 妖孽只在夜里哭  我是真的不喜欢这本书，但很多人说好看。,<唐时简工作室>: 回复 @村长家的贫困户 :找到同类了[泪][泪][泪],<软软的挽>: 回复 @乐yee :dd。,<张不羁icon>: 回复 @滚滚咻 :云峥,<告诉自己性冷淡没事>: 回复 @一霎东风落瓣封喉声如花绽 :看完已经被女主恶心得不要不要了,<Blossom-Hwj>: 回复 @許嵩是我男神啊82531 :噗哈哈哈是的,<我喜欢你啊mua>: 回复 @橘子味的鱼罐头 :哭死我了,<我喜欢你啊mua>: 回复 @请叫我林三太子 :我在回忆里等你,<許嵩是我男神啊82531>: 回复 @Blossom-Hwj :是《轻易靠近》吧,<許嵩是我男神啊82531>: 回复 @啊略略略是个女的 :第一遍都没敢看，只知道是写他俩的,<許嵩是我男神啊82531>: 回复 @胖又- :感觉都没《美人为馅》怕,<許嵩是我男神啊82531>: 回复 @啾一楸 :云琅,<許嵩是我男神啊82531>: 回复 @羊与玫瑰的刺 :我看了两遍才看懂,<許嵩是我男神啊82531>: 回复 @有话好好说不要放香菜 :同感,<西边施->: 回复 @啊啊啊啊啊欣啊 :第二部的番外好像是机场看到苏珩了 记得不大清楚了,<西边施->: 回复 @啊啊啊啊啊欣啊 :在一起了吧好像 看完都混乱了,<西边施->: 回复 @静待花开_689 :看了第一部和第三部 都是心疼唐小天[二哈],<芒果味的秋璃>: 回复 @诺西_80927 :忽如一夜病娇来,<枍古>: 最喜欢你的那十年，好虐，戳泪点,<嗯靠脸吃饭>: 回复 @ccallmegray :我也觉得！[允悲]真的是,<难以名状的称呼>: 回复 @乔荷的小阿植 :昭奚哭的我脑壳疼,<Swangso>: 西门龙霆的书  虐到不行了 开头很有意思 中间虐得像被削皮挫骨[伤心],<Swangso>: 多去刷刷西门龙霆的三本书  不说总裁文怎么样怎么样 我看完像是死过了几回[伤心],<我们松月怎么啦>: 回复 @张颊Coral :上部敲鸡喜欢的！但是下部感觉有点儿太脱节了,<呦呦呦Yep>: 云中歌！！！！哭到半夜再也不敢打开！,<张颊Coral>: 回复 @我们松月怎么啦 :啊我也很喜欢上部  下部还没看 你怎么一说好生气,<张不羁icon>: 回复 @喝了酷儿 :陆行云   夏淼淼,<依旧热泪盈眶>: 回复 @甜文少女 :我的女孩愿你一生平安喜乐[泪][泪][泪][泪][泪][泪],<一口橙子酱>: 我只是难过不能陪你一起到老。心疼梁满月，还有刘成蹊。梁满月自小被父母抛弃，到了叔叔家才感觉到了家人的爱，她小心翼翼地活着，她在乎婶婶的态度，怕伤了婶婶的心，所以宁愿放弃自己的爱人。真是每年看几遍，一边难过一边看,<张不羁icon>: 桐华的  曾许诺  长相思   都泪崩,<超厉害l>: 回复 @请叫我林三太子 :我在回忆里等你,<我等的是张起灵>: 回复 @一瞥 :秦岭篇很吓人了🙈,<_ChanCynthia>: 回复 @要低调的LWB :高一时必考书籍，基本全级人手一本🙃,<一瞥>: 回复 @我等的是张起灵 :并不觉得吓人哈哈哈,<Mark味儿嘎嘣脆>: 岁月忽已暮，看完虐的心脏疼,<我等的是张起灵>: 回复 @一瞥 :我以为你是因为吓人,<美歪w>: 回复 @甜文少女 :小说是死别 现实是生离,<sihrhj>: 回复 @村长家的贫困户 :介个分人的啊，有人就特喜欢，有人就不喜欢，正常,<鲸鱼岛的信>: 回复 @1874你不能做我的诗 :这本真是哭死了,<LiBing傻狍子>: 亲爱的弗洛伊德  真的看完心里特别难受，特别的难以走出来[惊恐]    蒙蔽了简直是   不过，还是爱言格和甄意的[亲亲],<慕柒邪Ye>: 《慕九》《鸦盲》《悲伤逆流成河》《夏至未至》《凉生，我们可不可以不忧伤》,<慕柒邪Ye>: 回复 @村长家的贫困户 :+1,<庭院晚>: 少年的你 如此美丽,<鹿解i>: 回复 @一瞥 :看了七八遍  好看啊  虽然看到后面看了好几遍我还是看不懂[允悲],<MD曼达>: 回复 @甜文少女 :还记得当初在学校里的长椅上看，最后简直哭到哽咽啊   不敢看第二遍了,<抱抱你的小祖宗>: 回复 @村长家的贫困户 :可《十年一品温如言》是我最爱的书啊,<王小鱼Ali>: 昭奚旧草，初看时晦涩难懂，看懂后不忍再看。心疼死我了[允悲],<板凳的大脸瘦了吗>: 回复 @ieroppte :我居然几天就看完了 这是我至今看的比较短的吧,<张不羁icon>: 回复 @请叫我林三太子 :辛夷坞写的    我在回忆里等你,<AileenWood_Xiang>: 回复 @甜文少女 :我的女孩，愿你一生平安喜乐,<Yuki-z珂>: 我的青梅骑竹马      好虐。。。好早以前看的,<阿酒提不起劲>: 花容天下、琼觞，当年看的第一本bl小说，哭的我[允悲],<张不羁icon>: 回复 @有话好好说不要放香菜 :刚看完[泪][泪][泪]]
6077588122	推荐那些不按常理出牌的反套路小说合集。 ​​​	[<渔风buli>: 回复 @甜文少女 :从博主推荐看的，看了一整天，太好看了，女主性格言情文少有，女主一家也很鲜活，好看！,<临江仙不临江>: 回复 @甜文少女 :挺好玩的，三观很正,<临江仙不临江>: 回复 @甜文少女 :接受这个安利[doge][doge],<一壶浊酒饮尽余欢丶>: 回复 @喵小少主 :[允悲][允悲][允悲]我也是，想着看到一点就睡，明天白天再看。看完这一章还想看下一章，结果就看到了四点，要不是早上七点要起床，我就通宵了。现在瞌睡成狗。[允悲][允悲][允悲],<超有味的啵妹>: 回复 @_弥琉丶 :我也想看！,<超有味的啵妹>: 回复 @_弥琉丶 :你看的是谁写的啊！,<盐罐甜菜>: 回复 @甜文少女 :这书文笔幼稚得不行了，看了几章就看不下去了，下午3点 作者要写pm3:00  前十的学校人要写top10，我:？？？作者是未成年吧。,<呵雨瑶耶>: 回复 @我們MIND :好好看这个!,<呵雨瑶耶>: 回复 @甜文少女 :好难看!本来是看推荐它很虐我才看的!但是这本书真好作!!但是不虐!我还是想说这的好难看,<七月四呀>: 有香水和达芬奇密码类似的小说推荐么？不歌颂不煽情不拖沓让人思维跳跃的,<少女rui>: 回复 @甜文少女 :但是...真的很好看啊！,<这小妮子很懒>: 回复 @甜文少女 :很棒啊，这个追了很久，完结的时候超不舍,<叉烧的肉包>: 回复 @麦芽糖米粥 :好好好，我去看看,<喵小少主>: 回复 @甜文少女 :昨天为了看这本竟然熬夜了[允悲],<麦芽糖米粥>: 回复 @叉烧的肉包 :这个我看过[眼泪]爆笑又好看,<麦芽糖米粥>: 回复 @叉烧的肉包 :都完结了[酷],<莫莫莫莫莫茗>: 回复 @边君子 :哈哈哈哈我现在还在看天官赐福,<边君子>: 回复 @莫莫莫莫莫茗 :吃所有cp噢噢噢噢噢,<边君子>: 回复 @莫莫莫莫莫茗 :柳溟烟窥屏,<李好不是你好_>: 睡包少女的《另类影后》,<栾樨i>: 回复 @甜文少女 :我觉得蛮好看的 可能没有在意三观 主角光环是比较t强大 但是确实很宠不是吗[二哈],<真萌阿月>: 回复 @甜文少女 :以前炒鸡喜欢 现在想想有点三观不正,<古月下的相依>: 回复 @甜文少女 :[允悲]不看言情的都吃下去了 你们来吃我安利啊！！！,<睏意正濃>: 回复 @甜文少女 :虐死我了！！！！！,<炸子鸡琦啊啊啊>: 很喜欢看提灯看刺刀，开始以为韩楚cp不会在一起一点点揪心的看到最后，终于等到好的结局，超开心,<wuli鹿果儿>: 回复 @甜文少女 :超级好的我钟定哥哥[泪][泪]特别喜欢他啊[心][心][心],<尛小小小119>: 回复 @来二斤牛肉- :将军在上作者是谁,<兜兜么啦>: 回复 @甜文少女 :这本我看了n遍！,<Xingsby>: 《放开那个汉子》简直神脑洞,<潘而复始>: 回复 @甜文少女 :嗯…昨天看完了，肉肉肉文,<子眿>: 《我家徒弟又挂了》全程笑成狗,<莫莫莫莫莫茗>: 回复 @边君子 :[爱你]魔道多好丫羡羡世界第一可爱,<莫莫莫莫莫茗>: 回复 @边君子 :哈哈哈哈春山恨,<边君子>: 回复 @莫莫莫莫莫茗 :或许 你看过魔道吗[doge],<边君子>: 回复 @莫莫莫莫莫茗 :春山恨[doge],<边君子>: 回复 @甜文少女 :看了你的安利就去看了 一天就看完了 笑死我了哈哈哈哈哈哈哈不管别人怎么说我就是喜欢啊啊啊啊啊太萌了 真的笑死 表白所有美貌斗鸡们,<_奶仙小朋友>: 回复 @甜文少女 :看不下去,<mc少年哲>: 回复 @甜文少女 :我觉得hin好看。觉得三观不正的请看文名。病娇不病就没意思了。,<我宝jungkook啊>: 回复 @甜文少女 :病态也好看 喜欢,<小苗xi>: 回复 @他又恋爱了 :我也喜欢这种[小黄人高兴],<叉烧的肉包>: 回复 @麦芽糖米粥 :完结了没🙈,<我薛就是全世界最好>: 回复 @甜文少女 :刚刚看完，好看，就是肉太香了，捂脸[污] [笑cry][笑cry],<放学路上不花钱会死星人>: 妙偶天成  女主也是不按理出牌的主儿,<劉穎NICEEST>: 有没有《奢婚》呐[摊手],<KM愿逐月华>: 回复 @甜文少女 :大概是很多读者没办法理解男女主病态的爱吧…我觉得他们爱得很深沉啊[doge],<麦芽糖米粥>: 回复 @甜文少女 : @叉烧的肉包,<ouuuuuiuuuuuuo>: 回复 @甜文少女 :无敌大元帅，是一只战斗力十分强悍的大公鸡[doge][doge],<如履薄冰呀->: 回复 @QNing_KING :男女主是彼此的第一次,<立体几何y>: 回复 @甜文少女 :我觉得十分好看,<亦与x>: 回复 @甜文少女 :这个炒鸡好看，看了好几遍,<野寺蛮光>: 回复 @its素色 :活跃在各大用户的评论(๑❛ꆚ❛๑),<呆萌欧尼i>: 无根攻略 我的天,<its素色>: 回复 @野寺蛮光 :哈哈哈哈哈又在这见你！,<CCDMIU>: 回复 @甜文少女 :如果你和男主一样病态你就会懂了，我觉得作者完全写出了同类人的心理和行为，非常爱沈佑白，可惜没有像女主的人这样纯粹的爱我,<TtrapWill>: 回复 @甜文少女 :这个!强推!全书爆笑无虐点!!!真的超级好看!!!容瑕婳婳我爱你们啊啊啊！!!,<树风招大kale>: 回复 @甜文少女 :我觉得很好看啊   女二才叫三观不正吧  那么坏,<薯条条条条条与茜>: 回复 @甜文少女 :超级好看的！！！大半夜笑死在床上]
6077588122	整理那些男主是反派的小说合集。 ​​​	[<周一厘>: 回复 @甜文少女 :看到说男主莫名其妙的我就很气了 璟那么那么温柔好嘛反正我一开始就站的璟[摊手],<周一厘>: 回复 @甜文少女 :坚信璟才是男一温柔到爆炸 然而男二男三确实也是想当有魅力的,<吴SEHUNxi>: 回复 @甜文少女 :喜欢，大爱丁墨的文[doge],<卖花买胭脂>: 回复 @甜文少女 :这位大手子擅长写虐女主虐到撕心裂肺[拜拜]当初看东宫代入了一下，想杀男主,<卖花买胭脂>: 回复 @十七岁的猫宁OUO :我把冰淇淋笑掉了你赔！！[眼泪][眼泪][眼泪][眼泪],<Aint-no-fun>: 回复 @进退V谷 :一百分好看,<Meggie姜_>: 回复 @甜文少女 :强烈要求作者改剧情[允悲][允悲],<Meggie姜_>: 回复 @甜文少女 :瞬间………[拜拜],<是玟玟>: 回复 @甜文少女 :有资源吗,<G丨uang>: 回复 @甜文少女 :看不懂,<少女rui>: 回复 @温婉改名保平安 :枭宠我昨天还重新看了一遍哈哈哈哈哈哈,<娜姑娘噢>: 回复 @時阿天 :你私信我 给你发[馋嘴],<娜姑娘噢>: 回复 @十七岁的猫宁OUO :小姐姐很漂亮诶！[爱你],<Satoh与Echo>: 回复 @vivian梁薇 :哈哈哈哈哈哈,<Satoh与Echo>: 回复 @甜文少女 :还有没有这种类型的啊啊啊啊啊！想看！！,<Satoh与Echo>: 回复 @甜文少女 :为我D哥打call！！！！,<孙槿年>: 回复 @孙槿年 :后的一些番外，当作独立故事来看也很有看头，有历经磨难的真爱有生死别离的深爱也有纠缠不清的痛爱。当只知道流血的人为你流泪，这份感情你要拿什么回报？年轻时我们以为那不过是一段感情，后来才知道原来那就是一生。,<孙槿年>: 《我爱黑社会》——匪我思存 这是《佳期如梦》,<孙槿年>: 《所有的深爱都是秘密》——我们都不是大是大非的人，你小时候捡到钱不是也没给警察叔叔吗？男主叱咤黑道，独独对女主一往情深，久别重逢更加确定你就是我生命中最重要的人。,<青木-z->: 回复 @青木-z- :今夜离港,<青木-z->: 回复 @甜文少女 :这个真的不要太好看！！！！！！！！！！,<唱诗班的班长>: 回复 @甜文少女 :带玻璃渣的糖我不敢下嘴啊[允悲],<徐阿嘘嘘嘘>: 回复 @甜文少女 :这本也是抄袭噢,<猴屁股Monkeyass>: 回复 @南星不是天上的星星 :哈哈哈哈,<用户6276709778>: 回复 @甜文少女 :这文给我一种看港片强行听国语的感觉！！只能自行脑部白话，不然我真的看不下去[允悲][允悲][允悲],<喵酱不肥>: 回复 @甜文少女 :刚看完！超好看！！！！藤萍写的,<杀死一个斯托克>: 回复 @甜文少女 :没看下去[允悲],<路过的小埋>: 回复 @甜文少女 :第一次看这本书的时候我在学校对面的奶茶店，窝在角落看的哭的稀里哗啦，又碍着人多不好意思有声音，气死了，这本书应该在家里看，边看边哇哇哇的哭,<道姑生于淮南>: 回复 @沈衫柔 :对对对！超爱陈北尧的,<mc少年哲>: 回复 @甜文少女 :把爱相柳的都点一遍，我柳，看得心肝脾肺肾都疼,<UU绾>: 回复 @甜文少女 :最爱的陈北尧,<我的笑点很低耶>: 回复 @FushareLee :哈哈哈哈，为什么我没有跳舞这段我没有印象了，我好多年前看的了，估计忘记了,<QueenieQun_ManUtd>: 回复 @甜文少女 :我倒是觉得这本很好看,<-郭莹莹莹莹嘤嘤嘤>: 回复 @時阿天 :私信我呀   可以呀,<時阿天>: 回复 @-郭莹莹莹莹嘤嘤嘤 :现在还能求资源吗[心][心],<城北以南-k>: 回复 @甜文少女 :看评论大家都老了，老了，看不得虐，我还是不吃这个安利了[伤心][伤心],<奕年爱吃肉>: 回复 @_故陌殇_ :。。。。[允悲][允悲][允悲]，谢谢小姐姐,<沈衫柔->: 回复 @陈西匿 :啊啊啊啊啊啊啊啊！好看的一逼,<沈衫柔->: 回复 @道姑生于淮南 :看得我嗷嗷直叫，一遍一遍舔,<韩乐萌>: 回复 @椰子君的小媳妇 :有,<_故陌殇_>: 回复 @Lu_THarmy :九鹭非香的！她的文都好看,<_故陌殇_>: 回复 @奕年爱吃肉 :最后男主为了女主和他们孩子自杀了[悲伤],<碎音音>: 回复 @我心如鹿切慕溪水 :回复热门[doge],<我心如鹿切慕溪水>: 回复 @甜文少女 : @碎音音,<我很膨胀->: 回复 @甜文少女 :[允悲]看得我好难过啊,<王鹤羽y>: 回复 @甜文少女 :卧槽 好看死,<nnnnnovember>: 回复 @甜文少女 :看的我想信佛,<July颖_>: 《掌中之物》，超好看,<一个林语其>: 回复 @第一控球后卫 :是的，二宝的长篇很甜的，放心看,<尧哥的迷妹>: 回复 @甜文少女 :卧槽楼袭月啊啊啊啊啊啊,<草莓味的女孩啊>: 回复 @甜文少女 :求百度云啊qaq[可怜],<小傲娇-婧大大>: 回复 @甜文少女 :我觉得炒鸡甜啊啊啊啊，刷了两遍！！！,<Rain9799>: 回复 @甜文少女 :真的看了很多遍，但是每一次看到相柳的番外还是会哭[二哈][二哈][二哈],<YURLU>: 回复 @甜文少女 :男主绝对是相柳！！！！[泪][泪][泪],<文笔勾悦笙>: 回复 @妖氛敛迹 :是浅情人不知吗,<他到底是不是鱼啊hhhh>: 回复 @甜文少女 :看得睡着了……,<屏南钟>: 回复 @甜文少女 :女主一点智商都没有 看到最后快气死[允悲][允悲],<叶晏之>: 回复 @甜文少女 :文笔渣到爆，不明白为什么为什么一直被推荐，人物描写过度]
6077588122	盘点那些男主性欲很强的小说合集。 ​​​​	[<____柒熙>: 回复 @BecuteY :哦哦  谢谢啦[微笑],<BecuteY>: 回复 @____柒熙 :诚哥是青浼的《你微笑时很美》，野哥是玖月晞的《他知道风从哪个方向来》都挺好看的哦,<还是喜欢lx>: 回复 @甜文少女 :🌚瞎说什么大实话  我厉爵风那么纯,<奇奇怪怪子>: 回复 @____柒熙 :甜妻,<缅甸babi>: 回复 @甜文少女 :哪个小姐姐可以分享一下汁源[可怜],<____柒熙>: 回复 @BecuteY :求小说名,<____柒熙>: 回复 @鹿鹿橙- :我也是,<____柒熙>: 回复 @奇奇怪怪子 :求小说名,<____柒熙>: 回复 @_张佳人 :有,<____柒熙>: 回复 @霖一里 :我看了这个   我觉得很好啊,<____柒熙>: 回复 @睡不到胡渐彪不改名 :你讲话好好玩[微笑],<板栗撸一发日常>: 回复 @甜文少女 :这本还可以，就是太长了！看起来好累！,<Vicky爱甜饼>: 回复 @甜文少女 :虐吗,<oO_糯米团子>: 回复 @两水四木 :谢谢啦,<两水四木>: 回复 @oO_糯米团子 :已发,<Champagne7998>: 回复 @H-Layla :你走开[微笑],<无病呻吟博>: 回复 @片寄五月天 :考了两章 怕是懂了,<oO_糯米团子>: 回复 @两水四木 :cczm16025610@163.com 我还是直接在这里给邮箱吧[允悲]私信估计疯了,<oO_糯米团子>: 回复 @两水四木 :[允悲]我再试一试,<绿SSbella>: 回复 @C_better1 :不要太好看，啧啧,<蓂萧34287>: 哪个男主性欲不强,<kayola->: 回复 @吴氏懒货 :用猎豹浏览器，一搜就出来了[眼泪]太黄了，看不下去,<无病呻吟博>: 回复 @奶酪裙 :啊man到爆炸[允悲],<Sweet----------->: 回复 @SHI_WENJIA :勉强收了 一份心意,<今蝶-三余小可爱是我媳妇>: 回复 @甜文少女 :这篇文非常的一言难尽[微笑],<两水四木>: 回复 @oO_糯米团子 :还是没有[允悲],<oO_糯米团子>: 回复 @两水四木 :刚刚私你的,<两水四木>: 回复 @oO_糯米团子 :没看到诶……,<oO_糯米团子>: 回复 @两水四木 :私你啦[羞嗒嗒],<两水四木>: 回复 @oO_糯米团子 :给我邮箱吧,<就是要宠着千玺>: 回复 @九原末巫 :看过欢喜债诶[哆啦A梦吃惊],<耳火然>: 回复 @甜文少女 :看了这个之后，感觉自己身体不太好了,<小姐姐修仙吗许愿池本池>: @帽帽活泼又聪明,<kayola->: 回复 @甜文少女 :看了一下，太黄了[眼泪],<FOR何方>: 回复 @張泠訸 :[好],<oO_糯米团子>: 回复 @两水四木 :求资源[羞嗒嗒],<雾织冬至>: 回复 @清清朗朗风 :这么惊喜的嘛哈哈哈哈哈好开心啊蓝湛看我了,<清清朗朗风>: 回复 @雾织冬至 :哈哈哈哈哈哈哈哈你这个形容……哈哈哈哈哈哈哈哈含光君 is watching u,<我的任意门mmmmmm>: @murphyka,<纯白年代sunny>: 回复 @空余砚上墨 :一开始我也觉得她作，后来想想，如果我有一个梁飞凡，我会比女主还作,<1997的小迷妹>: 回复 @甜文少女 : @程寺水   这个…我看过 还有上头那个盛开 那个作者写的另外一个 我看过[污],<爱吃鸡磨人的小妖精>: 回复 @THORNSYI :你赢了,<程寺水>: @1997的小迷妹,<绿SSbella>: 回复 @島崎真夏 :《乌夜啼》后来陆焉很牛逼的啊[并不简单][并不简单][并不简单]，《乌夜啼》不要太好看[泪][泪][泪],<九原末巫>: 回复 @就是要宠着千玺 :你可以去晋江看她的专栏,<九原末巫>: 回复 @就是要宠着千玺 :欢喜债    上面有说的哦,<oO_糯米团子>: 回复 @门捷列耶夫撕鸡 :求资源[羞嗒嗒],<THORNSYI>: 回复 @爱吃鸡磨人的小妖精 :头像[挤眼],<小橙子口味zz>: 回复 @miniminiml :没毛病，老铁,<一只努力的迷妹番>: 为什么没有人推《安居乐业》？？？虽然是bl但是肉真的很好看啊，年下，养成，受用几年的时间把攻养成了最契合他身体的人🙈🙈这个文我真的是反反复复地看啊，超喜欢受的性格。,<途中太迟>: 回复 @甜文少女 :真的巨喜欢这部小说 我刚重温完,<爱吃鸡磨人的小妖精>: 回复 @THORNSYI :你咋知道我是小姐姐的[喵喵],<THORNSYI>: 回复 @爱吃鸡磨人的小妖精 :好的！！谢谢小姐姐！,<爱吃鸡磨人的小妖精>: 回复 @THORNSYI :[允悲][允悲][允悲]章多得吓死人，happy ending]
6077588122	盘点那些经典耐看的黑道文小说合集。 ​​​	[<邹品淼>: 回复 @甜文少女 :我的女孩，愿你一生平安喜乐。[大哭][大哭][大哭],<_Superwomann>: 回复 @甜文少女 :全看完了 对齐老大的描写只有生气微笑好尴尬,<不受宠的姨太太>: 回复 @Undo梓 :可能是前面写的太好了 结尾很平[二哈],<Undo梓>: 回复 @不受宠的姨太太 :结尾是啥[太开心][太开心],<轻轻挽>: 回复 @春燕大美女 :哈哈哈哈哈现在看起来好玛丽苏,<春燕大美女>: 回复 @轻轻挽 :我可能还没有老~,<红彤彤的脸->: 我爱的人是个流氓,<正宗毛毛猫>: 匪大的《爱情的开关》,<鹿戈格吖->: 回复 @寂地w_ :[允悲][允悲][允悲]原来如此,<呲个牙W>: 回复 @甜文少女 :熬夜看完了 哭成傻子，故事很普通但入心,<是有故事的水瓶座>: 回复 @甜文少女 :第一本黑道小说呀,<何猫妮儿>: 回复 @甜文少女 :孙嘉遇[泪][泪]我特么看一次哭一次,<暗恋念清>: 回复 @甜文少女 :看完这本还去百度了金三角这些，还好想去缅甸看看是不是那么多花海那么美,<呲个牙W>: 回复 @甜文少女 :第一部言情小说,<可攻可受可调戏>: 回复 @甜文少女 :我的天！本命啊！！你是我生命里最后一支童话[心],<王-英俊>: 回复 @MDZZ_ :好悬隔了一辈子才看见[怒骂],<金子向晚>: 回复 @甜文少女 :一般我看小说……看一遍就不想再看了……但是这本  每个一段时间都会看  而且感觉像是第一次看……不知道为什么有这种魔力,<MDZZ_>: 回复 @王-英俊 :[酷][酷],<QueenieQun_ManUtd>: 回复 @甜文少女 :这本非常好看！,<淡了关系y>: 回复 @甜文少女 :迷性比暗欲虐，因为聿尊出轨了,<梠鼬>: 回复 @甜文少女 :超级好看,<槿木无阳>: 回复 @甜文少女 :说实话特别宠[doge],<寂地w_>: 回复 @甜文少女 :这本书没看下去的多半是因为开头，前几章出现的并不是男主，男主出现后画风就变了[允悲]。当年我也一度看不下去，后来发现被开头骗了，真挺好看的，男女主很酷。,<寂地w_>: 回复 @鹿戈格吖- :你肯定是被开头骗了，我当年也被骗过[允悲]。刚开始出现的不是男主，看到男主出现后才画风变了，真挺好看的。[笑cry],<-陳陳陳梨子>: 回复 @甜文少女 :我好像很多年前看这本书哭了好久,<sun缺失的圆>: 回复 @甜文少女 :太虐   但是超好看,<X-PyAo>: 《我的黑道男友》,<HeyLittleBunny>: 回复 @甜文少女 :这本真的超超超超好看的！！！推！！！,<YI-夏木>: 回复 @陈饱饱的小媳妇儿 :都一个人儿写的[笑cry]我最喜欢谨言,<陈饱饱的小媳妇儿>: 回复 @YI-夏木 :夫人，少将请您回家和你的差不多他俩是姊妹篇,<卿于归>: 回复 @甜文少女 :觉得不好看的一定是被书名简介还有开始几章给骗了[二哈]还有前妻和七日啊哈哈哈一套一套,<橘吉磐砸>: 回复 @甜文少女 :是吧，给错链接了吧，我也将错就错了，        程牧云[太开心][太开心][太开心],<鳗鱼在打滚>: 很久以前的《花神》有人看过么！,<窄窄啾啾啾>: 回复 @抱紧我的小鱼干-_- :田老师最爱的之一哈哈哈,<爱吃冰淇淋的大狸子>: 回复 @甜文少女 :看了她的绝色倾城，整个人崩溃到不行，妈的，男主是不是神经病，巨恶心。好在女主最后喜欢上了落川，可惜结局还是死了,<纆瑾笙>: 回复 @嘉两片芝士 :她现在改了笔名叫陆凉风。你可以去搜搜，有一个新的系列。,<抱紧我的小鱼干-_->: 回复 @甜文少女 : @窄窄啾啾啾,<还不错422>: 回复 @甜文少女 :非常好看 总是会想起陆生说娶戚美珍是为了给温玉挡事,<ySen_ovo>: 回复 @甜文少女 :已经可以背到剧情……别人找我要黑道文……首推,<ySen_ovo>: 回复 @甜文少女 :对男女主爱到炸裂……特别是唐易……怎么办无法自拔,<HUACHENYU_啊>: 回复 @甜文少女 :第一部黑道文[允悲],<请喊我高冷帅>: 回复 @甜文少女 :在哪可以看啊,<为所欲为的为--Luck>: 难道不是《坏蛋是怎样练成的》！！？？,<脸没洗49791>: 回复 @甜文少女 :周玉真的很棒，怎么这些年好像不写了呢？,<玩世不朽>: 纯禽黑道教父， 不是小白文，女主又混又流氓，很好看，很搞笑， 对比之下男主超纯情,<Gu-six>: 回复 @甜文少女 :有没有百度云链接[泪],<-WENKEOO>: 回复 @-不枉 :哈？求科普,<顾故固雇箍>: 回复 @甜文少女 :看到这个才记起原来我以前看过，那时初中追星玩橙光游戏就是这故事背景，就觉得好好玩，然后就把小说找了出来，看了[二哈](哈哈哈哈哈哈哈哈哈哈哈哈),<上心了呢>: 回复 @筠笙MXmio :还是在学校图书馆借的，超好看,<几番委顿仍与我看>: 回复 @甜文少女 :超级好看啊啊啊啊啊以前很喜欢的,<尹智圣唯饭>: 回复 @你看起来好像好好吃噢 :抄袭谁的？]
6077588122	盘点那些热门的百合小说合集。好看的小姐姐，谁不喜欢。 ​​​	[<王祖贤女朋友>: @Ash-vvv   来吧老铁,<鲸__>: 回复 @西瓜甜掉牙 :真的找不到,<小嶋柯基桑>: 回复 @人儿呐啊 :[哆啦A梦笑],<人儿呐啊>: 回复 @小嶋柯基桑 :还挺幽默的,<人儿呐啊>: 回复 @季十安 :可惜还没更新完,<人儿呐啊>: 回复 @善良无公害的小丑 :叶涩《潜规则》,<希希里XIXI>: 回复 @甜文少女 :这个好看！,<ZYSRJM>: 回复 @甜文少女 :启蒙作 最爱的GL没有之一,<ManU_7Red>: 回复 @甜文少女 :说起纵横...老泪纵横啊 两人终究是没有跨过一切 厮守一生,<SchnappIYuY>: 有没有肉，文[允悲][允悲],<Sy_西卡的八字眉>: 真的没有人推刺锦吗[拜拜],<Mi_Lgor>: 回复 @甜文少女 :超级喜欢灯大,<不爱次葱花的葱粉>: 回复 @甜文少女 :甜齁了,<南缘kotpin>: 回复 @甜文少女 :这个也超级甜,<南缘kotpin>: 回复 @甜文少女 :探虚陵很好看,<南缘kotpin>: 回复 @甜文少女 :这个超好看！,<人儿呐啊>: 回复 @HOWARThhhhh :看晓暴和明也的文,<人儿呐啊>: 回复 @刘灿kk :斑马线啊凤凰花啊 潜规则啊,<不爱次葱花的葱粉>: 回复 @甜文少女 :真的是那种无数次想看但却又不敢看，甜虐甜虐的，但是真的强推啊！！！！,<_一只短发妹子_>: 《A罩杯遇见C罩杯》彼岸萧声莫 看的第一篇gl文,<Serenewell>: 回复 @柠凉诗 :花钱就好了啊，30块钱有3000晋江币，一章大概10个币，你可以看大概300章的小说，多支持正版吧[眼泪],<ISBN-978Q>: 张泠西！ 《卡夫卡》！,<淡灰尘>: 回复 @谁说大清亡了 :文案中的啊奚墨外表高冷内心暴躁受[喵喵],<山芋爱包子>: 回复 @TaeBella_ss :[偷笑][偷笑],<鸟居大大>: 回复 @甜文少女 :这个超好看,<taebella_ss>: 回复 @山芋爱包子 :送你上去！！！！,<realyuri>: 回复 @取名字什么的太难了吧 :[doge]问一句。虐不虐 刚看完宫倾 再也不想看虐的了,<realyuri>: 回复 @甜文少女 :看完了[doge]真真是好看  墙裂推荐,<realyuri>: 回复 @甜文少女 :[允悲]终于看完了。看的我心肝都在颤抖  太虐了 勇敢的一方注定受伤更多,<又见北辰>: 回复 @HOWARThhhhh :我看过泰尼版的[允悲],<取名字什么的太难了吧>: 回复 @甜文少女 :偶然间发现然后看的第一本gl，超级好看！一开始不知道有gl文这种东西的，看了这个感觉完全打开新世界啊,<hu大萝卜>: 旋转门呢[允悲][允悲][允悲][允悲],<谁说大清亡了>: 回复 @淡灰尘 :我到现在也没分出来攻受,<淡灰尘>: 回复 @谁说大清亡了 :哈哈哈我奚墨爆炸受[允悲][允悲][允悲],<淡灰尘>: 回复 @甜文少女 :为我阿洛打call！！为我阿洛爆灯！！[允悲][允悲][泪][泪],<我是个疯子有医生开的证明·>: 你们有没有人看过 君临天下徒生的  emmm虐很虐,<我是个疯子有医生开的证明·>: 太喜欢这个推荐了,<我是个疯子有医生开的证明·>: 回复 @甜文少女 :啊不行这个虐,<sakura_wu>: 回复 @甜文少女 :看过的第一部LGBT小说[作揖]深有感触,<被捏爆的番茄君>: 回复 @甜文少女 :萧言缄，我永远的的女神啊！[害羞],<我就是喜欢黄婷婷你咬我啊>: 哇，《御姐江湖》没人看嘛，掰弯我的第一本书[doge]王紫又莫净言分分钟撩爆我啊[太开心],<那那那那那那西>: 回复 @甜文少女 :强推啊啊啊啊啊,<那那那那那那西>: 回复 @甜文少女 :这篇b站上有广播剧，大家可以去听[二哈],<那那那那那那西>: 回复 @甜文少女 :看到这一楼顺便推荐一本已出版的，《真绵庄公寓的房客们》，由几个故事组成，其中一个就是百合，俩女主特别甜,<一个超级美女的微博>: 终于等到了 @Sophie柏原柯  发现挺多我都看过,<一个超级美女的微博>: 回复 @甜文少女 :这个不是美容会所老板和总裁啊！！！是小职员爱上了大老板啊,<暖暖清落>: 回复 @江海涛的少女佳 :所以？为什么直女不可以弯[允悲],<十七八个小姑娘>: 回复 @芝麻-奇异果0701生日快乐 :[允悲][允悲][允悲],<芝麻-奇异果0701生日快乐>: 回复 @十七八个小姑娘 :我没听出来你是褒还是贬？[允悲],<樱桃白鸟>: 回复 @甜文少女 :川端先生居然写过百合（〃・ロ・〃）ゞ,<不娶何撩233->: 《鬼医煞》一篇好文，推荐大家去看，喜欢白渊和灵岚的故事,<这样看你好像是弯的>: 回复 @十七八个小姑娘 :你有没有看过暮老师的小说，她有一个系列就是前世今生的。忘了前世记忆的性格就会和前一世不一样。反正这样想着就会觉得很暖心了 终于还是圆满了[皱眉],<不告诉你39472>: 回复 @甜文少女 :萧女王[哈哈],<十七八个小姑娘>: 回复 @这样看你好像是弯的 :可是秦挽舒才不会做这种事呢。。人物性格多不符合啊。。秦挽舒算我心中的女神级了[爱你],<DSPS患者>: 回复 @甜文少女 :好多锁章待改[拜拜]被政策气死,<谁说大清亡了>: 回复 @甜文少女 :这个作者的另一本娱乐圈文 交换影后也超级好看！！！！！！！为奚墨疯狂打call！！！]
6077588122	别太小看天蝎的占有欲[摊手] ​​​	[<可爱婷oba>: 回复 @冬梦荃 :哪个app可以看呀[太开心],<张含韵今天发自拍了吗>: 好像是这么回事吧[允悲]// @甜文少女 :是的// @大阿姆爷 :🙃别人看一眼都不行,<腌百>: 大天蝎 就是贼重的占有欲,<冬梦荃>: 回复 @可爱婷oba :你微笑时很美里的男主,<冬梦荃>: 回复 @国王与将军 :你微笑时很美,<Freya__liew>: 好想要个天蝎男友,<可爱婷oba>: 回复 @老鸨儿 :这不关星座吧..,<可爱婷oba>: 回复 @冬梦荃 :啥诚哥,<国王与将军>: 回复 @冬梦荃 :到底什么小说？⊙∀⊙？,<嗲毛的小淑女>: 我射手的占有欲也不是盖的[喵喵],<冬梦荃>: 回复 @一行梳 :对对对分分钟打翻醋坛子[允悲],<一行梳>: 回复 @冬梦荃 :和前男友握个手进行赛后友好交谈，我诚哥差点上天[允悲],<孤独又灿烂的橙子>: 回复 @袔晓 :[笑cry]只喜欢走中单怎么破,<冬梦荃>: 回复 @呀哈哈O_o :还要为诚哥站街！[doge],<木头SIKO>: 回复 @随玧 :同天秤 占有欲强到喜欢的人给别人点赞评论都能生气气[微笑],<高贵冷之艳>: 天蝎表示:碰一下，超凶,<咕噜猫的东方树叶>: 还有巨蟹[微笑]还特么粘人[微笑]特别敏感[微笑],<呀哈哈O_o>: 回复 @冬梦荃 :为诚哥疯狂打call,<五月板栗>: 回复 @姊颜a :名字是你微笑时很美,<姊颜a>: 回复 @冬梦荃 :就想问问这是哪本小说[允悲],<冬梦荃>: 回复 @唐泽雪穗穗穗花儿 :社会我诚哥[doge],<唐汐Calara>: 回复 @夏末啦啦啦啦 :[笑而不语][笑而不语][笑而不语],<殷秋平>: 回复 @李誠ChengLee :[污][污][污],<唐泽雪穗穗穗花儿>: 回复 @冬梦荃 :为诚哥打call！,<-长腿瑶欧巴>: 小到几个月大到几十岁都不准碰[微笑] @辉爷___,<冬梦荃>: 回复 @花子壳 :这波我服[doge],<花子壳>: 就没有夸我天蝎女的？？？,<花子壳>: 回复 @老鸨儿 :说的好像天蝎要样的[doge],<花子壳>: 回复 @冬梦荃 :身为天蝎座的我当时看到诚哥是天蝎座是感觉自己站在了人生巅峰[doge][doge][doge],<袔晓>: 嗯，打王者不和我走一路，我都不高兴[微笑][微笑][微笑],<冬梦荃>: 回复 @夏末啦啦啦啦 :为童英俊站一次街[doge],<小鱼衔玉鬓钗横>: 直树大概是天蝎吧,<他Hl>: 都说金牛和天蝎不配，可是我们在一起五年了[笑cry]，嗯，每天还是那么闷闷的[微笑],<夏末啦啦啦啦>: 回复 @唐汐Calara :同[doge],<夏末啦啦啦啦>: 回复 @冬梦荃 :哇哇哇我竟然看到我童英俊[doge],<冬梦荃>: 回复 @烟L愁 :[握手][握手][握手],<雨里走出你>: 我想知道天秤是不是跟我一样占有欲极强要不我就是假天秤[允悲],<烟L愁>: 回复 @冬梦荃 :同同同[允悲],<wuli亲故思密达M>: 回复 @下划线在哪里 :[喵喵][喵喵][喵喵]就酱紫霸道,<下划线在哪里>: @wuli亲故思密达M  好有霸道总裁的感觉,<下划线在哪里>: @wuli亲故思密达M,<我也想叫千珏>: 还有一次他姐姐生了小宝宝是个男孩，我带着天蝎去看。我抱了一会他就不让抱了。我以为他是怕我累，然后他说你不能抱别的男人。我……[微笑],<我也想叫千珏>: 跟同学在网吧solo 我使坏偷偷按掉同学一个闪现 。兴冲冲的跟天蝎说了我以为他会说我机智或者说我坏心眼。他问我，那你按他闪现的时候他碰你手了没有[微笑]我……,<长腿女伊女夷_>: 双鱼的控制欲 和天蝎的占有欲 在一起真的很贱 而且天蝎作 双鱼还受[微笑]我和男友的现状,<孙孙孙孙孙小歪>: 也不要小看 天蝎座的破坏力侦查力 和报复心// @甜文少女 :是的// @大阿姆爷 :🙃别人看一眼都不行,<李钟硕人生的key>: 诚哥:我的矮子[doge],<阿钱jzs>: 你是说江直树吗[喵喵],<SHIKE哒>: @YANGQIAN咩,<心雨酱_冬凯>: 他就是我的，多碰一下就不中// @甜文少女 :是的// @大阿姆爷 :🙃别人看一眼都不行,<一只想吃猫的小黑鱼>: 天蝎…～真的是一个挺可怕的星座，爱而不得 …[带着微博去旅行],<冬梦荃>: 莫名想起我诚哥就是天蝎座，疯狂吃醋谁和smiling对视一眼都觉得不行[doge],<下界雨>: 其实……狮子座占有欲也特别强……,<一个掉了21斤肉的小仙女>: 这是我的金毛，你不许碰,<大鼻子的绅士>: 回复 @老鸨儿 :那是洁癖吧,<王鲜花哈哈哈>: 我就是天蝎，觉得自己要和男朋友的亲妹妹争风吃醋[摊手]]
6077588122	整理那些看了热血沸腾的体育竞技小说合集。 ​​​	[<微生呐微生>: 回复 @甜文少女 :那个……全职是言情还是单纯的剧情文呐？,<怪盗syc>: 回复 @甜文少女 :刚看完，60%之前看着还可以，也有萌点；60%之后要多狗血有多狗血，简直不像一个作者写的，尤其是女主发现男主就是小时候救她的人，然后跑去和男主确定关系那点，真……没眼看，写的太硬了，尴尬到不行。简直了,<噗噗悦Lizzy>: 回复 @甜文少女 :超喜欢男主呀,<吃货一枚1128>: 热搜cp,还有怒刷好感失败之后,<叮当叮呤当呤呤叮>: 回复 @甜文少女 :此生无悔入荣耀但求一睡君莫笑,<迷人小漂亮>: 回复 @是你的小鹿仙儿 :作者在微博说了是宁泽涛的...,<Satoh与Echo>: 回复 @甜文少女 :这个很可爱！！！！[心][心][心][心],<璃尘有人疼7>: 回复 @甜文少女 :我叶神！必须推！,<可爱鬼-3->: 回复 @甜文少女 :耶！,<伦桑家的mi兽>: 回复 @甜文少女 :虽然有点拖,<伦桑家的mi兽>: 回复 @甜文少女 :啊啊啊啊啊刚看完卡洛斯好帅啊啊啊啊,<超音波少女>: 回复 @一只有少女心的小仙女 :好看！,<沈衫柔->: 回复 @KM愿逐月华 :啊啊啊啊啊啊！看完我都不相信电子竞技没有爱情了[二哈],<沈衫柔->: 《我曾在时光里听过你》  电竞文  真的看完我都不相信电子竞技没有爱情了,<茹此晗旭>: 回复 @甜文少女 :全职高手动漫超好看,<小傲娇-婧大大>: 回复 @甜文少女 :这个也超级好看！！！！！,<小傲娇-婧大大>: 回复 @甜文少女 :反正觉得超级甜啊啊啊,<吃大虾的洋葱圈w>: 回复 @甜文少女 :苏沐秋永远活在叶修的荣耀里。,<kennyzanilia>: 回复 @是你的小鹿仙儿 :你怎么不说现在电视剧蹭你们队长热度？？？[摊手],<kennyzanilia>: 回复 @是你的小鹿仙儿 :[摊手][摊手][摊手][摊手][摊手]里约之前书已经完结了，再说了电视剧是电视剧，写的时候原型就是宁泽涛。,<是你的小鹿仙儿>: 回复 @kennyzanilia :作者就是蹭热度呗[摊手]你去看看之前电视剧浪花一朵朵的官宣，人明确说了原型可是队长,<kennyzanilia>: 回复 @是你的小鹿仙儿 :当初我追的是晋江连载，作者也说原型是宁泽涛呀[笑cry][笑cry][笑cry],<Neefertari>: 回复 @阿謝呀i :求分享！,<三七_sr>: 回复 @ndddmg :大神 你外挂呢,<ndddmg>: 回复 @三七_sr :这是哪本呢,<_阿阿阿阿阿阿阮姑娘>: 回复 @甜文少女 :谁能告诉我可以自觉带入张继科吗[污][污],<我不管我就是有一只大鸟>: 《男朋友太高打架挠不到脸求破》,<叶微yewei>: 回复 @艾瑞巴蒂要上天 :这个真的好看[二哈],<甜味三岁兴>: 回复 @甜文少女 :喜欢酒小七,<甜味三岁兴>: 回复 @甜文少女 :我的大白啊啊啊啊啊啊,<喵_Ann212>: 回复 @甜文少女 :为我男神疯狂,<醉看公子世无双>: 回复 @甜文少女 :开头下乡就是我杀神！！,<HeartstringsLMX>: 怒刷好感失败之后！篮球....超甜，超好看！,<一瓶柚子味酸奶>: 不行啊！还有你微笑时很美啊！我不管！电子竞技也算体育项目！我诚哥和射麦令小姐姐！！！！,<_仙鹅_>: 回复 @Real_CY- :原来不是我一个人有这个感觉,<_仙鹅_>: 回复 @甜文少女 :看了一点弃了，感觉文风不是很好啊,<不上川大不改名的鹿>: so  great！,<靑蝶>: 回复 @甜文少女 :为全职打call！！( •̀∀•́ )顺便表白我老公喻文州,<阿吟银子>: 《我的足球先生》by不甚了了  穆离一直都知道，赛场上，球迷的尖叫不为他，只为他踢进球门的球。蕾特用一辈子的时间向他证明：她的欢呼只为他，不为踢进球门的球。 女追男，女主属小强，给男主生了个娃 男主之前不喜欢女主后面就动心了。文荒可撸,<曾照彩云归y>: 男友太高打架挠不到脸求破。好看到爆炸[鼓掌][鼓掌][鼓掌][鼓掌],<北城无意>: 回复 @甜文少女 :已五刷[摊手],<啊是白告啊>: 回复 @甜文少女 :啊啊啊啊啊啊看了之后想去西班牙[西班牙]想看小金毛啊[小黄人高兴],<三七_sr>: 回复 @青了个柠_ :等等不是这本 我搞混了,<三七_sr>: 回复 @青了个柠_ :等等错了错了不好意思啊 我搞混了  是《大神，你外挂呢？》,<青了个柠_>: 回复 @三七_sr :谢谢,<三七_sr>: 回复 @青了个柠_ :蜜汁炖鱿鱼,<青了个柠_>: 回复 @三七_sr :这是哪本书,<李成烈的小皱纹>: 回复 @甜文少女 :看完全职去找了其他网游类小说看，这特么都写的些啥玩意，重新看全职,<像海浪->: 回复 @A-Smin :净瞎说 小姐姐哪有这么大胸,<转身遇见一只猫_>: 你微笑时很美好看到哭[doge][doge],<李凯丽阿>: 回复 @甜文少女 :我真的超喜欢徐知遥，陆笙有徐知遥的陪伴真的是太幸福了[心],<三七_sr>: “我自始至终，就只有你一个。这辈子，只会带你一个妹子打游戏，只带你回我家，只亲手煮东西给你吃，只和你上床。除你以外，不会有第二个人，这样说能明白吗？”,<汝之一笑倾城>: 回复 @甜文少女 :超级萌啊啊啊啊啊,<维风-三秒爱弹琴>: 回复 @安安安子沫 :可以可以,<脱离世俗大仙女>: 回复 @拆除 :为Gun爆灯[污],<我只是一个机智少女>: 回复 @甜文少女 :freestyle？,<-Qiuly>: 回复 @____十九 :对呀 无敌了嘻嘻嘻嘻,<____十九>: 回复 @-Qiuly :超级好看嘻嘻嘻]
6077588122	#网文回忆杀# 你看过的网文里，有没有哪个情节or场景让你印象最深刻？ ​​​	[<薄荷糖O_0>: 回复 @龙龙不二 :最后一个案子太震撼了,<薄荷糖O_0>: 回复 @淑琅 :哈哈哈哈哈哈这个作者的文都很有趣[笑cry][笑cry]男主都叫狗蛋,<芒叉酱>: 回复 @MoMo要去北京找韩庚 :看完啦！！,<诩探戈>: 回复 @专治疑难的小透明儿 :全职[悲伤],<泡芙少女酱>: 言希和温衡电梯事件久别重逢那一次,<夏目落杉>: 回复 @他眼里有星光满地 :对对对这里虐啊[抱抱],<阿沢是叫阿泽>: 回复 @阿肆七 :没，我是在晋江APP上看的番外,<Pinkikoo>: 回复 @第一控球后卫 :我也很喜欢这一段！！然后我一直在纠结后来大凉灭了明齐（？），所以苏明枫去哪了怎么样了！结果作者一句话都没提！！！[怒][怒],<洋都跑了>: 回复 @Janeyana :夫人为何咬我，在下要讨回公道,<刘一男1997>: 回复 @该昵称已被石春芳注册 :打火机与公主裙,<该昵称已被石春芳注册>: 回复 @刘一男1997 :什么小说,<南城以南小盆友>: 回复 @DUITP :陆续之前有点傻，后来还好吧[眼泪],<DUITP>: 回复 @南城以南小盆友 :看完啦陆续坏死了 他抱着她在厕所里 她背着他在草丛里,<阿肆七>: 回复 @月刊少年野綺君 :最心疼最爱的一对 看一次泪目一次,<阿肆七>: 回复 @阿沢是叫阿泽 :你有百度云否？完整的？看着看着就没下文了的我好揪心,<废猴>: 回复 @薄荷绿樱草黄 :我看了，世界赛冠军，然后没了,<Q糖丸子_>: 回复 @秦网红 :emm…弱弱问下书名…,<仙桃给你吃吗不给你想太多了>: 憾生走的那天 突然哭成狗[泪]  http://t.cn/RKHXsX7,<LAS_527>: 回复 @-单衫杏子红 :he,<HOBO我>: 黑化忠犬霸道妻里每次赤西摘月喊白酱的时候[心],<薄荷绿樱草黄>: 回复 @废猴 :是的是的，你没看完[允悲]。后面还有他们去美国打比赛的,<Farewelltome>: 回复 @榴莲味小酸奶 :结局我记得最清楚的是那句“她带着些许微笑，咽下了最后一口气。”[淚][淚][淚],<一只好果子>: 回复 @DX612号小行星 :我们的头像[笑cry],<Tel七号少年>: 韩七录，我发现你的心比铁还硬比冰还冷！我的心确实比铁还硬比冰还冷，因为这个颗心只为你软，为你跳动,<月刊少年野綺君>: 回复 @阿鹿的小娇妻 :摸摸摸,<鹿廿久>: 休息一年，然后回来。 保持联系，等你退役。[爱你],<精神崩溃体>: 如果人死的时候真有走马灯的环节 她大概会是我这辈子见的最后一人。《打火机与公主裙》Twentine,<阿鹿的小娇妻>: 回复 @月刊少年野綺君 :哇我日虽然看过n遍但看你这一页我他妈鼻子一酸差点眼泪就掉下来了 贼难受[泪][泪][泪],<南城以南小盆友>: 回复 @DUITP :哈哈哈哈哈哈我好喜欢她俩哦,<DUITP>: 回复 @南城以南小盆友 :啊啊啊啊终于看到他俩kiss了明明被撩到不行还要硬撑撑不下去了吧哈哈哈哈哈,<-单衫杏子红>: 回复 @LAS_527 :be吗[失望],<马甲马大人>: 回复 @心伤何妨 :小名娇娇,<阿-偃>: 回复 @MoMo要去北京找韩庚 :看了不到三分之一，结果看评论觉得有点虐，果断出坑,<蜜桃味儿的肥琳_>: 图片评论  http://t.cn/RKTMdlb,<南城以南小盆友>: 回复 @DUITP :好看哒,<DUITP>: 回复 @南城以南小盆友 :我要去看看,<南城以南小盆友>: 回复 @DUITP :因为风就在那里,<DUITP>: 回复 @南城以南小盆友 :嗳这个是？,<季十安>: 左眼死死的盯着火光，右眼一涨一涨的剧痛，痛到牵扯了她的心脏。 火光熄灭之后，山林归于漆黑寂静，岳绮罗坐在一棵老槐树下，无声翕动了嘴唇：“张显宗。” 她以手托腮，不带任何感情的发出声音：“张显宗，我牙疼。” 向后靠向老树树干，她继续自言自语：“这辈子没活好，很糟糕”,<LAS_527>: 回复 @小er迷妹aaa :她的小梨涡,<LAS_527>: 回复 @月巴火羊崽崽 :爆灯！,<LAS_527>: 回复 @Swangso :我也在想！辞哥这么酷,<小er迷妹aaa>: 回复 @LAS_527 :什么小说阿名字名字名字(⁎⁍̴̛ᴗ⁍̴̛⁎),<画凉0>: 回复 @林林林林林林林hong :全职高手,<画凉0>: 回复 @月刊少年野綺君 :除非黄土白骨，我守你百岁无忧,<执徙>: 扶摇经历四关之后终于站在了穹苍殿，然后那个穹苍殿殿主问扶摇愿望是什么时，孟扶摇的那一句“请放，长孙无极”[心]瞬间泪奔[泪],<hi阿楚姑娘>: 回复 @不吃香菜的权志龙 :你说天天就天天,<核桃-H>: 回复 @我的江海涛我来守护 :[笑cry][笑cry][笑cry],<鹤赋>: 回复 @心伤何妨 :字娇娇,<A暗恋陆之昂>: 回复 @秦网红 :我诚哥[泪][泪][泪]汉子心都撩炸了[泪][泪][泪],<洛克人儿反正是最酷的>: 回复 @秦网红 :卧槽！我看的是不全的！！！！！,<请问鹿晗和世勋公开了么>: 回复 @蓝忘机呐 :看过了已经!超爱魏无羡呐!!!,<月巴火羊崽崽>: 回复 @LAS_527 :为辞哥疯狂打call！！！！,<月巴火羊崽崽>: 回复 @榴莲味小酸奶 :抓到一只鹤儿[doge],<YYH1Z>: 回复 @得舍_ :你微笑时很美,<只为你摘下那星星把我的宇宙给你>: 回复 @不吃香菜葱姜蒜_ :为嫌弃夫妇疯狂爆灯！！！,<喝草莓奶盖的观潮>: 回复 @Chris春眠不觉晓 :[小黄人坏笑][小黄人坏笑][小黄人坏笑],<Chris春眠不觉晓>: 回复 @喝草莓奶盖的观潮 :对对对，到后面特别心疼他们，特别是大眼爸爸，一个人撑起整个微草，付出那么多，让人心疼死了[悲伤]还有喻队那句“好羡慕你们这些有手速的疯子”，哇真的心疼炸了[悲伤]温柔的人更能让人心疼,<喝草莓奶盖的观潮>: 回复 @Chris春眠不觉晓 :就是两个温柔的人特别有感觉啊[允悲]]
6077588122	盘点那些女主是学霸的小说合集。 ​​​	[<你好我是黄少天的老公>: 回复 @甜文少女 :为我妖女打call！！！！,<程婷怡>: 回复 @甜文少女 :江河湖海，日月山川,<-匆匆_过客>: 回复 @甜文少女 :这段时间刚好在二刷电视剧，我觉得除了郑爽的身材和微微的34C不和，还有就是我觉得杨洋说台词时有点强行作冷漠的那种有些地方不太自然，但是我还是超级爱杨洋和爽妹的，所以电视剧一集不落的守在电视机前蹲完了[笑cry],<珂窠>: 回复 @甜文少女 :看烂了还想看系列的文，真的好看,<靚靚瑜>: 回复 @甜文少女 :喜欢林杨男友标准啊啊啊啊啊看最好的我们也是为了看林杨戏份,<靚靚瑜>: 回复 @甜文少女 :唉 说是抄袭的 怎么就是抄袭的呢,<要努力的碧昂卡>: 回复 @子苒苒苒苒苒 :盛淮南喜欢洛枳，全世界都知道[挤眼],<兮茜63>: 回复 @甜文少女 :这本真的超级喜欢，什么时候看都能入迷。,<有味的张倩儿>: 回复 @甜文少女 :隔了一个青春 最好的我们,<李钟硕495>: 回复 @1个汤圆儿 :这文的作者是谁啊,<李钟硕495>: 回复 @不易相处的小谭 :这文的作者是谁啊 找不到资源呢,<呵雨瑶耶>: 回复 @甜文少女 :真的好好看!![爱你][爱你][爱你][爱你],<likeXZQ>: 回复 @甜文少女 :好羡慕耿耿，好喜欢余淮,<Amaris_L>: 回复 @商允允 :对哒,<Amaris_L>: 回复 @甜文少女 :说白了那些喷别人的都是自理能力不行在这找存在感呢,<译倾>: 回复 @甜文少女 :表白我陆总！！！！,<NaJa在在的石开sama>: 回复 @甜文少女 :虽然这本小说里的情节和文笔都称不上完美，但苏措陈子嘉还有江为止是我最喜欢的人设,<用户esu7zc2hia>: 回复 @甜文少女 :烂尾啊可惜了看到后面没劲了，不过总体来说很好看啊！！,<渣叭叭>: 回复 @甜文少女 :哈哈哈哈哈  刚入完坑,<夏目落杉>: 回复 @甜文少女 :来来来排队形了啊 一！中！乱！不！乱！ ……乱！ ……,<鹿鲁卤戮-7>: 回复 @甜文少女 :第一部小说,<鹿鲁卤戮-7>: 回复 @甜文少女 :我们小鱿鱼啊爆萌,<姐就傲娇咋滴>: 《莫负寒夏》丁墨   学霸:木寒夏,<sun缺失的圆>: 回复 @甜文少女 :看到最后真的是感叹匆匆那年的人生    没在对的时间遇到对的人,<sun缺失的圆>: 回复 @甜文少女 :最先看的辛夷坞的小说   也是唯一喜欢结局的,<sun缺失的圆>: 回复 @甜文少女 :读的时候有点乱  感觉先苦后甜,<sun缺失的圆>: 回复 @甜文少女 :唉   不喜结局  但很喜欢的文   看过绝不后悔,<牛奶不會炸鸡>: 《他在看着你》的女主啊！！！贼好看这本书！！[爱你],<两米八大长腿女汉纸想要去南大>: 回复 @甜文少女 :真的大爱这本书,<睏意正濃>: 回复 @甜文少女 :感觉莫名其妙的，女主大概是m…,<ne-ighborhood>: 回复 @甜文少女 :好几年前看的了 不夸张  这是看过最好看的从学生时代一直写到长大后这种类型的小说  尽管最后是开放性结局,<小马最爱的西瓜>: 回复 @甜文少女 :我的天！终于看到这本了！为我乔裕纪思璇疯狂打call！！！！？超好看的一本！,<杜二杜>: 回复 @甜文少女 :振华三部曲就因为网剧最好的我们那个周末，还没看你好旧时光,<杜二杜>: 回复 @甜文少女 :看这小说的时候脑子里的bgm就是《易燃易爆炸》和这小说特别配，强推体验,<寄北辞>: 回复 @甜文少女 :其实我更希望是江海,<写作pallet读作调色盘>: 回复 @甜文少女 :超级好看,<有柠檬的岛屿>: 回复 @甜文少女 :最爱的小说QAQAQ所有情节倒背如流,<精神崩溃体>: 回复 @甜文少女 :表白爱华,<Enchanted时恻>: 回复 @甜文少女 :我比较喜欢致岁月迢迢  沈放赵一玫有点虐心不过最后还好。,<洵佚哥哥>: 回复 @甜文少女 :小学看的 超超超超喜欢,<森么么么mo>: 回复 @白敬亭的菊花 :文一点都不非主流，非的是男主的造型[允悲] 放心看，T大的书都是有保障的,<芥子风流>: 回复 @甜文少女 :咳……真的要说吗，好吧。言希，晚安……,<KYiiiiiiii>: 回复 @甜文少女 :话说第一次看的时候我就觉得陈子嘉是男主,<KYiiiiiiii>: 回复 @甜文少女 :君子有所为有所止,<SHIYIRAN-RAN>: 回复 @贰世俗人 :先是羞羞的画面，然后就口头上说结婚，就完了。因为作者大大任性的说心情不好,<贰世俗人>: 回复 @SHIYIRAN-RAN :结局咋了！天哪结局到底怎么了！抓狂[允悲],<林杨啦啦啦>: 回复 @起个不非的名字真难 :[doge]也是学霸啊[doge][doge][doge][doge],<亲爱自行车zt>: 回复 @甜文少女 :振华三部曲最爱的就是这本，林杨感觉真的是最好的男主，超喜欢周周,<起个不非的名字真难>: 回复 @林杨啦啦啦 :哈哈哈哈哈这对儿是常年稳坐学年文理第二[允悲]洛帜盛淮南是第一啊[允悲],<顾故固雇箍>: 回复 @甜文少女 :最喜欢的一本小说，很喜欢绿亦歌写的书,<顾故固雇箍>: 回复 @商允允 :对对对,<佳_jiaaa>: 回复 @沁绻 :高三上课的时候看的，看完之后很久缓不过来，一想起来就会哭,<柒柒君->: 回复 @甜文少女 :一中乱不乱，辞哥说了算[二哈],<给他一瓶可乐吧>: 回复 @李冰洁July :不满意姜潮的顾二蠢[失望],<给他一瓶可乐吧>: 回复 @商允允 :对对对,<醉看公子世无双>: 回复 @甜文少女 :这本超棒啊啊啊啊,<蔓吟_jqs>: 回复 @甜文少女 :说实话不喜欢,<你好我叫陈花花>: 回复 @旋转跳跃的李白哥哥 :说非主流只是因为男主染个金毛头，但是后面会说出原因]
6077588122	推荐那些好看的1v1的小说合集，一生一世一双人。 ​​​	[<念白无悔609>: 1《京门风月》秦铮 2《很想很想你》（莫青成，看完会爱上古风圈的。） 3《你微笑时很美》（诚哥！才看完就想看第二遍了，很幽默。电竞文） 4《重生娱乐圈之名门盛婚》（宋望，男主超帅！） 5《粉妆夺谋》（叶裳）《纨绔世子妃》（容景）《妾本惊华》（云锦） 6《密室炖鱿鱼》（韩商言gun，女主超萌。）,<四月止>: 回复 @念白无悔609 :看过了[允悲],<念白无悔609>: 回复 @Tanya-丽丽 :听说男主超有个性。,<念白无悔609>: 回复 @四月止 :《凤囚凰》一见容止误终生！,<念白无悔609>: 回复 @Amy妍泠 :好看。,<念白无悔609>: 回复 @澹哦 :。。。。。为毛我听说是虐的。。。。,<你是不是饿滴慌啊呀吼一呼呵>: 回复 @念荑 :好吧，男主在后面洗白了，跟明兰结婚后连母马都没骑过，明兰傍上男主后跟男主狼狈为奸，理财，管家，开嘴炮，各种技能火力全开，遇神杀神遇佛杀佛，畅快淋漓爽的一比[笑cry][笑cry],<青梅煮老酒>: 回复 @婳深時見鹿 :综艺里的她我还挺喜欢…但是电视剧…一言难尽…瞄了几眼醉玲珑弹幕就说让赵丽颖演女主…我对这些小火翻拍真的放弃了,<念荑>: 回复 @你是不是饿滴慌啊呀吼一呼呵 :因为我很不喜欢男主,<你是不是饿滴慌啊呀吼一呼呵>: 回复 @念荑 :哇塞最甜的地方和高潮都在婚后耶[允悲][允悲],<她很安静乜>: 回复 @超级可爱的王俊凯的小迷妹 :在哪看,<超级可爱的王俊凯的小迷妹>: 回复 @甜文少女 : @她很安静乜   这个我看过 甜死了,<霸王小甜菜>: 回复 @李美儒Doris :我连十分钟都没撑到 就受不了了,<甜味三岁兴>: 回复 @甜文少女 :表白酒小七,<JJK田柾国JJK>: 《帝凰:神医弃妃》,<婳深時見鹿>: 回复 @青梅煮老酒 :哈哈哈哈哈哈毕竟辣么丑，赵丽颖自从演了那啥花千骨感觉莫名弱智…[允悲][允悲]啊不不，是里面的人物很幼稚,<青梅煮老酒>: 回复 @婳深時見鹿 :感觉会失望…这样的男主…赵丽颖以前喜欢…但是楚乔之后路人了…[允悲][允悲][允悲],<谜一样的涵涵小公主>: 回复 @东北赵丽颖 :十年一品温如言  书海沧生的书就是有点虐,<积极向上的Xiong倩倩>: 回复 @甜文少女 :喊骄阳下的别担心了，漫漫说了今年一定出，最多还有五个多月！,<积极向上的Xiong倩倩>: 回复 @元气少女悦悦酱 :肯定出了要被翻的，顾漫的另外三部翻了都挺火的[二哈][二哈][二哈]有预感不仅有电视剧还有电影[思考],<奇先生的坑坑小主>: 回复 @横生- :看我微博底下艾特你的[微笑],<横生->: 回复 @奇先生的坑坑小主 :[二哈][二哈][二哈],<奇先生的坑坑小主>: 回复 @横生- :[摊手],<横生->: 回复 @奇先生的坑坑小主 :谢谢名看着都眼熟,<ooooo-sehun>: 板栗子对狗蛋有种莫名的执着[允悲][允悲][允悲],<Hyyyy_y>: 回复 @甜文少女 :太特么长了 看不下去啊,<采河图的小蘑菇>: 回复 @甜文少女 :为我太子疯狂打call！,<夏渝浠>: 回复 @LaShoo :对对[爱你],<娜个小丫头片子>: 回复 @拥抱苏苏的周星星 :谁写的？,<LaShoo>: 回复 @furlow :除了步步惊心是因剧才看的小说    我也是觉得还是坚持看小说的好,<歪_过来抱抱我>: 回复 @黄小小是我啊 :好滴i,<歪_过来抱抱我>: 回复 @青春赐予我锋芒 :憋...憋笑...尴尬,<朵谷院>: 回复 @furlow :拍一部毁一部,<闹闹的大蹦儿>: @黄瓜要读书要早起要减肥,<小哥哥的wifi>: 回复 @甜文少女 :说实话 我没看下去,<李美儒Doris>: 回复 @DAXIAODUAN :骄阳似我更新速度我是服气的,<李美儒Doris>: 回复 @furlow :我也是 演了肯定毁 不是剧本就是演员,<李美儒Doris>: 回复 @霸王小甜菜 :看了十分钟我就纳闷了都当原著粉是死人吗[摊手][微笑],<萧哇塞Alex>: 回复 @甜文少女 :这个系列最喜欢离婚这件小事[doge][doge],<胖得飞不起的小仙女>: 十四郎的半城风月很好看[doge],<童瑶Empty>: 回复 @甜文少女 : @七宝酥废话特别多  你的诶。棒！,<别揪我毛>: 回复 @H_西瓜味少女_ :不行，谢渊是老王的[二哈],<管SX>: 回复 @七点就起的大小姐 :哦哦 好的 谢谢啦 我还去百度这是什么梗[允悲][允悲],<七点就起的大小姐>: 回复 @管SX :[允悲][允悲][允悲]就是来太早了，还没有小说推荐的意思！,<啊啊啊啊啊啊璕>: 回复 @甜文少女 :[允悲]我的扶摇,<管SX>: 回复 @不易相处的小谭 :这个到底是啥？求解[允悲][允悲],<妖氛敛迹>: 我看过一篇小说，，男主是一个专治乳腺癌的医生，，然后女主是病人，，然后男主摸女主的胸（看病中）而且yy女主 然后这篇文章有人看过吗？，，求书名,<___TropAcid>: 回复 @甜文少女 :很喜欢男主,<偏要叫毛毛>: 回复 @蒋大静 :[好],<蒋大静>: @偏要叫毛毛  你可以翻翻这个人的微博]
6077588122	盘点那些值得一看的破镜重圆小说合集。 ​​​	[<爱豆姓王名三岁>: 回复 @甜文少女 :一晚上看完，祁教授情话满满  http://t.cn/RiW0s58,<_O慧>: 回复 @清蒸肥羊别放盐 :只想和你好好的   纪工[笑cry][笑cry],<_O慧>: 回复 @郑爽黑粉大大 :特好看,<共且祝东风>: 回复 @甜饼蘸辣酱 :真的！老喜欢男主了！作者文笔没话说！炒鸡好看！,<共且祝东风>: 回复 @甜文少女 :妖女[心],<吮指原味鸡kkk>: 回复 @甜文少女 :推荐长宇宙！！,<不正经的死古板>: 回复 @甜文少女 :第一次看到文就是这本，但人物是改编了的，不过后来找了原版来看了好几次,<HOBO我>: 季蔷 凯琍 席绢 凌淑芬 连亚丽 [心]台言破镜重圆小说五巨头,<Satoh与Echo>: 回复 @甜文少女 :哈哈哈哈哈黄晓明笑出声,<精神崩溃体>: 回复 @FIONA0417 :真的非常好看 作者所有书都很好看 文笔保证,<精神崩溃体>: 回复 @heyloyan :看吧 你不会后悔的 作者的所有书都很好看,<麦粥竹>: 回复 @甜文少女 : @KR_storm,<易个我的大漂亮>: 没人说你奈我何吗！！！你奈我何超好看啊,<池小小丫LY>: 回复 @丫头sheri :能不能发给我[好喜欢][好喜欢]三克油[心],<丫头sheri>: 回复 @池小小丫LY :我有完结的,<某狼滴乖乖>: 回复 @甜文少女 :看过最膈应人的文，没有之一。硬逼着自己看到最后看明白来龙去脉。什么玩意。为了虐而虐，还不如写个sm文来的现实。里面从情节到对话，从主角到配角，无一不透露着无病呻吟，一想着自己花了这么长时间看完，就气的胃疼,<不曾有你的天气>: 这种戏路的我也喜欢[doge],<嗷呜嗷呜的小狐狸w>: 回复 @张艺兴你快摸我的头说我乖呀 :用qq给你传,<张艺兴你快摸我的头说我乖呀>: 回复 @嗷呜嗷呜的小狐狸w :[费解]给我txt,<嗷呜嗷呜的小狐狸w>: 回复 @张艺兴你快摸我的头说我乖呀 :对，你的理解有问题[喵喵],<张艺兴你快摸我的头说我乖呀>: 回复 @嗷呜嗷呜的小狐狸w :[费解][费解][费解][费解][费解]是我理解有问题？？？？,<嗷呜嗷呜的小狐狸w>: 回复 @张艺兴你快摸我的头说我乖呀 :真的特别好看，文笔成熟，男主成熟女主貌美，嘤嘤真的好看[太开心][太开心],<张艺兴你快摸我的头说我乖呀>: 回复 @嗷呜嗷呜的小狐狸w :？？？？？本来是我都直接打字让你给我txt了！结果我点进去看的时候发现。。。哪儿不对？？？？？,<嗷呜嗷呜的小狐狸w>: 回复 @甜饼蘸辣酱 : @张艺兴你快摸我的头说我乖呀  这个小说巨好看[憧憬][憧憬]我真的太喜欢女主小姐姐了嘤嘤,<阿阮明明是软妹>: 回复 @甜文少女 :为江辰疯狂打CALL!!!,<你好我叫陈花花>: 回复 @甜文少女 :吴亦凡挺像程铮的，知道他要拍电影的时候重看小说也是按着吴亦凡样子脑补的，刘亦菲也能和想象中的苏韵锦重合……就是电影拍的不太好 唉 当时看的时候太失望了,<池小小丫LY>: 回复 @丫头sheri :好像知道哪里可以看到完结的[求关注][求关注],<我叫莫小北>: 回复 @甜文少女 :很甜的，这是少有的男女主我都很喜欢的书[心],<张佳敏敏敏敏敏>: 良辰讵可待，金主的横刀夺爱，莫负寒夏，肥而不腻，十年一品温如言也算吧,<薛定谔大猫猫>: 回复 @甜文少女 :李峋！！！！疯狂打call！！！！,<寄言长安>: 回复 @会唱歌的牛奶糖 :好看吗~~,<寄言长安>: 回复 @甜饼蘸辣酱 :……我差点真信了……都是套路不见！,<Z_Shannon_>: 回复 @甜文少女 :我觉得歌大的书除了最初的情在不能醒让我觉得ummmm还有最近的传奇没敢跳坑，剩下的都超好看 其实就是，再生缘我的温柔暴君，非我倾城王爷要休妃，路从今夜白，好看!看了好几遍，非我倾城看了5编?,<Z_Shannon_>: 回复 @甜文少女 :男主没有睡女二,<-FireWood->: 回复 @是陈登啊 :徐嘉衍理想型啊[心],<打哈欠小朋友>: 回复 @折光追星暮 :我一开始以为他们分开是有什么天大的误会...看到最后我咧个去 这么无聊的原因也能分手啊,<长年不修>: 暗度沉婚也不错呀,<_Sarah苏>: 回复 @甜文少女 :唯一一本一天一天守更新的小说[心],<是陈登啊>: 回复 @-FireWood- :好看,<starlight轩>: 回复 @油田小姐 :歌大的书都这样，不爱看的就各种批评三观不正渣男贱女，爱看的基本是看完歌大就书荒，比如我[笑cry][笑cry]我觉得特别好看，古言也好看[笑cry][笑cry],<雍美丽是胖仙女>: 回复 @甜文少女 :黄叔叔为什么总演那种男神人物，难道他的工作室的人没有人告诉他他真的气质不太符合吗？,<流浪汉王富贵儿>: 回复 @在你头上跳舞的Haruka :八点半看的我真的直骂人 怎么能有这么作的人？！发誓！我再也不看明月珰的文了！简直伤眼,<Opal大大卷>: 回复 @过渡宝贝 :哈哈哈，超好看！金毛我峋哥,<过渡宝贝>: 回复 @甜文少女 :看完之后我才意识到为啥说朱韵是骑士 @Opal大大卷,<过渡宝贝>: 回复 @甜文少女 : @Opal大大卷  哈哈哈哈哈哈,<霁白--EY>: 回复 @爱笑的夹心 :一中小霸王，临市几套房,<机溜的皮东东>: 为何偏偏喜欢你！,<你是我尚不及的梦>: 回复 @甜文少女 :从弈婚开始，两天把这个作者所有文一次性扫光,<肥鹤奶粉>: 回复 @想涨工资的两脚兽 :这本我最爱！！！！,<瑶da>: 魔道，他等了他13年，天天就是天天。,<pinkkkkkkkkkkkkkkkkk>: 回复 @遍尘 :哦,<勤奋的啾啾有肉吃>: 回复 @Yeah小凡的小爽 :好的，谢谢[嘻嘻][嘻嘻][嘻嘻],<Yeah小凡的小爽>: 回复 @勤奋的啾啾有肉吃 :那就不知道了，路从今夜白和这个剧情差不多,<勤奋的啾啾有肉吃>: 回复 @Yeah小凡的小爽 :不是[泪]]
6077588122	#推文# 除了我热评里经常推荐的那些书以外，这周你看过什么其他好看的小说吗？ ​​​	[<乔麥地开不出花儿>: 回复 @桃枝探Crazy :精英情人,<一霎东风落瓣封喉声如花绽>: 回复 @小er迷妹aaa :作者说会改一下,<小er迷妹aaa>: 回复 @一霎东风落瓣封喉声如花绽 :烂尾了吗..我不敢看了...[允悲][允悲],<A暗恋陆之昂>: 回复 @八卦掌柜 :[泪][泪][泪][泪]  http://t.cn/RKjo79D,<hi你会唱温柔吗>: 回复 @原来有只迷妹 :一百多万字，。。好像很长,<几番委顿仍与我看>: 你是谁  超级好看的qwqqq还有宛如渣女,<七七七秒记忆>: 回复 @橘子荔枝车厘子 :可是女主忘了一切这里我很心疼[伤心],<七七七秒记忆>: 回复 @JIAOSI7GIANA :看的我心肝儿疼。超级爱男主女主,<KiyomiOrianna>: 这是啥文  http://t.cn/RKOs7dv,<丁丁丁琳敏>: 回复 @今天朱思洁吃糖了吗 :我曾在时光里听过你,<南瓜欧尼啊>: 回复 @你丑你丑- :我已经看完了.....,<_joyeee>: 回复 @Netivcid :私信我,<_joyeee>: 回复 @Netivcid :有,<柿子笑烂没>: 回复 @_joyeee :有吗？？？,<柿子笑烂没>: 回复 @VVIPGF :是那本？？,<小白就是陈遇白>: 回复 @洪钿洪钿洪钿洪钿 :小怪兽和容二也是惨[悲伤][悲伤]不过，我最爱的还是小白[允悲][允悲],<洪钿洪钿洪钿洪钿>: 回复 @小白就是陈遇白 :小怪兽，我很乖，你不在的每一个晚上，我都是一个人睡的[泪],<小白就是陈遇白>: 回复 @太帅了老烊 :其实沐沐和容岩也是[允悲],<小白就是陈遇白>: 回复 @洪钿洪钿洪钿洪钿 :沐沐[悲伤],<辰妹子-A>: 邪王盛宠医妃遮天,<sea尾巴_>: 回复 @AOGUANWU :我看完了整本，不太喜欢男主性格[摊手],<不加糖的头号僵尸粉>: 回复 @八卦掌柜 :还有别的骚话满天的电竞文吗[怒骂]我也不想一辈子沉迷在诚哥的骚话中无法自拔啊[怒骂],<话唠少女珊珊珊>: 欢迎来到噩梦游戏,<于霜霜霜霜哈>: 回复 @八卦掌柜 :各位大佬有那种就是死甜死甜的嘛[作揖][作揖][作揖],<Avivahc_裕华喻婳>: 回复 @窥葵 :没有诶,<随兴L>: 回复 @GYL_MM :[允悲]我有，你现在还要吗 就是没有番外的，所以就在晋江乖乖地买了番外看完了，感觉失恋了,<爱笑傲江湖的小公举>: 回复 @八卦掌柜 :有资源吗？可以发我一个吗？,<KL迷妹啊>: 赖皮[小黄人高兴],<叶叶榕>: 回复 @梦梦梦梦梦片 :忘川之水 在于忘情,<喜宝哎哟喂>: 回复 @且弯 :你坚持看下去回味觉得很好看了,<欲裂ir>: 回复 @八卦掌柜 :我玩游戏也看不下去[笑cry]说的就是王者英雄联盟 前面就很烦躁了哈哈,<十元里美要健美>: 回复 @放鹤亭Xback :哈哈好谢谢,<杨猪蕊>: 回复 @一位不愿意透露姓名的张秋池先生 :哈哈哈记住男主就够了,<YETORY>: 回复 @杨猪蕊 :我也忘了,<一位不愿意透露姓名的张秋池先生>: 回复 @杨猪蕊 :[doge]不记书名,<一颗流黄儿蛋>: 回复 @杨猪蕊 :何处暖阳不倾城,<板凳的大脸瘦了吗>: 回复 @梦梦梦梦梦片 :东宫全名是什么啊,<杨猪蕊>: 回复 @YETORY :是啥名字啊,<杨猪蕊>: 回复 @一颗流黄儿蛋 :还有同一个作者写的那个 名字我忘了  是程安安孩子,<杨猪蕊>: 回复 @一位不愿意透露姓名的张秋池先生 :确定不是 故事?,<杨猪蕊>: 回复 @醉醺醺的晚上 :啊啊啊啊啊超好看,<放鹤亭Xback>: 战起1938，回到1981,<放鹤亭Xback>: 新唐遗玉，凤穿残汉,<放鹤亭Xback>: 回复 @haipiending :新唐遗玉,<放鹤亭Xback>: 回复 @十元里美要健美 :盛世嫡妃是穿越呀，穿越的话我推纨绔世子妃和新唐遗玉,<放鹤亭Xback>: 回复 @蜜柚丸子 :百度云，书包网，,<Fychenm>: 一时冲动七世不详！！,<Syindayup>: 回复 @-蜀绣儿- :林队长我的梦中情人,<小闺阁>: 金枝御叶，欢喜债,<原来帽子是绿的呀>: 以前看的，逐风流,<柉樰>: 回复 @-陈不酷- :请问辞哥是？,<鹿已成说故>: 应该是《一时冲动，七世不祥》,<鹿已成说故>: 回复 @想上张起灵 :你不是一个人，我也刚看完。好久不见，谢小侯爷。,<眠酒酒>: 回复 @太阳好大好讨嫌 :是滴,<杨猪蕊>: 回复 @粉色向日葵w :啊 我看了 真的吼吼看[抱抱][抱抱][抱抱][抱抱],<碎月忽挽>: 我的私人劳家卓，真的好看,<Crucial赵泽云->: 回复 @终冬月 :看得我好想出去走一走,<Awewendyy>: 回复 @想上张起灵 :在哪裡可以看阿]
6077588122	#推文# 你看过哪些设定奇葩 脑洞大开的小说？ ​​​	[<小狐狸的时间>: 每天都要努力去你梦里    还有谁是你妈   别睡了快醒来,<高光家的小迷妹>: 回复 @来自非洲的土穷圆叶二 :你的也很奇葩哈哈哈哈哈哈,<渔歌_J>: 回复 @错挽 :不会被查水表吗,<亦拾肆>: 回复 @安室一渔 :超喜欢地理！地理老师超可爱是我学地理的动力[二哈],<xxNEVERLANDxx>: 回复 @一京小墨一 :卧槽这个超级好看的啊！！！,<季十安>: 回复 @若相惜_1234567 :胆大无脑就是我[doge],<若相惜_1234567>: 回复 @季十安 :我是完全不敢看，平常连恐怖片都不看的，看个笔仙都能吓得半死那种[允悲][允悲][允悲],<季十安>: 回复 @若相惜_1234567 :室友给我推的时候  我看了觉得不好看[笑cry],<头上长了小草>: 他与月光为邻。人设不奇葩  题材我感觉挺新颖 嘿嘿嘿男主好萌,<一只馨H>: 回复 @会打人的煎饺 :他是不是叫菘蓝[doge]是不是有个姐姐叫大青叶？[doge],<瘦到90斤再改名K>: 回复 @错挽 :[允悲][允悲][允悲]笑断气,<我可是小天使呢_>: 回复 @别关注我不然炸死你 :来自会员的嘲笑  http://t.cn/RKZVLXZ,<大白不死鸡娃只能是太子>: [拜拜]女主表示他不服~巨好看 类似的有一个~别睡了快醒来（类似这个名字） 我有特殊的睡觉技巧（好像？） 穿书文有 拯救反派boss的妹纸你威武雄壮 脑洞大的还有一个作者~她其中一个文叫原来你是外星人~她的所有文脑洞都很大很好看~ 求推类似的~穿书文穿梦文,<安季久久>: 教主二分之一，不奇葩，只是设定真的好好看，如果有兴趣看的同学可以看到古代完就截止别看后面回到现代的！,<阿匀今天脱单了吗>: 回复 @别关注我不然炸死你 :图片评论  http://t.cn/RKhZYd4,<慢热369>: 回复 @浮漾阿 :回复了才发现忘了加狗头，所以我自罚两个。[doge][doge][doge][允悲][允悲][允悲],<XY-Shine>: 当然是高中数学书啊[摊手],<浮漾阿>: 回复 @慢热369 :[笑cry]我很认真的谢谢你,<慢热369>: 回复 @浮漾阿 :我很认真的回复哦：横。横纬竖经,<且放_白鹿青崖间>: 回复 @一京小墨一 :好爱这个！,<一坨水>: 回复 @大概是只河蚌精 :想和女主谈恋爱 一万分的可爱,<若相惜_1234567>: 回复 @Micky黄金小国 :可怕[允悲],<若相惜_1234567>: 回复 @八月听音 :我靠[允悲][允悲][允悲],<若相惜_1234567>: 回复 @灰灰家的小若若 :我记得郭敬明有一个小说最让我无语，女主角用花盆把男主角打进医院，重度昏迷，期间各种后悔，结果男主角一醒，女主角太激动，把男主角给晃死了[摊手],<若相惜_1234567>: 回复 @一京小墨一 :这个我听好多人推荐，但我胆小，看了两三章就不好看了[允悲],<陈韵韵_>: 他与月光为邻    丁墨,<梁宇硕>: 回复 @Uklily___ :哈哈哈哈哈哈哈哈,<cheese点心>: 回复 @错挽 :哈哈哈哈哈哈哈哈哈哈哈哈笑吐,<wprruby>: 天神右翼无fuck说[允悲],<白虎小公主的老婆>: 回复 @梦妮妮妮妮妮qwq :数学与应用数学的我[拜拜][拜拜][拜拜],<张珏和树里>: 我的室友非人类[拜拜]我看过最有理有据的脑洞大开一本小说,<吕鋆峰太太>: 回复 @错挽 : @保护我方小祖宗_,<EF_Asakura>: 暖暖环游世界同人。。。,<白薠ing>: 回复 @是霸王姝不是霸王妹 :开车了[doge],<是霸王姝不是霸王妹>: 回复 @白薠ing :关键词直接搜就能搜出来[doge][doge]比如握住她胸前的丰盈…,<小满的妈2333>: 回复 @桢桢有八块腹肌 :这是我看到最好的人兽文,<白薠ing>: 回复 @是霸王姝不是霸王妹 :看博主在公众号里推荐的[doge],<是霸王姝不是霸王妹>: 回复 @白薠ing :想问你们平时都是怎么找肉文的？找推荐吗[doge]我一般都是直接搜羞羞的话，出来一堆,<吾靖201706>: 放下那个汉子，设定奇葩,<舒倏01>: 回复 @八月听音 :哈哈哈哈哈哈哈[二哈][二哈][二哈][二哈],<鹿戈格吖->: 回复 @A一只- :看了一半真的弃了[允悲]因为感觉后面会被虐死[微笑]我基本啥都忘记了，就记得看到男主身边的一个大夫原来是女的，然后女主孩子不能生下来可男主又不告诉她并且男主好像生了什么病我他妈就想问b事敢不敢再多一点[允悲][允悲][允悲],<M蜜米M>: 回复 @大概是只河蚌精 :河蚌真是我最喜欢的女主了，想和她谈恋爱[二哈],<啁啾的月>: 今晚也要努力去你梦里[憧憬][憧憬][憧憬],<渡辺荔以>: 回复 @樱桃甜了你吃吗 :这本超喜欢,<二哈酱有点蠢>: 回复 @吴世勋家小盯裆 :啥？？哈哈哈哈哈哈大蒜精哈哈哈哈哈哈哈哈哈哈哈哈哈哈哈哈哈哈哈哈哈哈哈哈哈哈哈哈哈哈哈哈哈哈哈哈哈哈哈哈哈哈哈哈哈哈哈哈哈哈哈哈哈哈哈哈哈哈哈哈嗝[二哈],<没有阿阿阿>: 回复 @现在的我和他 : @攒机大神,<没有阿阿阿>: 回复 @豪猪熙呀 :这个评论真好笑..,<没有阿阿阿>: 回复 @黄子韬什么时候剪头发我再改名字 :厉不厉害 刺不刺激 @攒机大神,<没有阿阿阿>: 回复 @错挽 : @攒机大神,<-椰猫->: 看过一本男主是木乃伊的,<陈妩妩>: 回复 @陈妩妩 :超级好看[笑cry],<陈妩妩>: 回复 @影魅和地狼 :我很久以前看的  完结了没啊？？？[二哈]当时觉得,<陈妩妩>: 回复 @杼惘Mirror :我看的第一本穿越文[二哈],<陈妩妩>: 回复 @错挽 :哈哈哈哈哈哈哈哈笑死我了,<三千k>: 回复 @牡丹ya :这操作hhhhh哈哈哈哈哈哈哈,<痞甜>: 回复 @这只兔子太酷了 :好像叫春光乍现,<奈与呜猫喵2014>: 我看了一部叫未来兽世，买来的媳妇不生崽。一女侍三夫啊！！！毁三观啊！！！到现在世界观都是炸裂的,<不要做发抖的小喵喵-3->: @Elsa_FSR  评论2333]
6077588122	你看过的小说里，有没有哪句话能让你瞬间泪目？ ​​​	[<lablayoung->: 回复 @月刊少年野綺君 :昨天晚上熬到今天凌晨看完这本……,<等等你生不生我生>: “永安，卿酒酒”,<D嘟大王的压寨夫人本尊O>: 佳期，终于等到你回家 还好你没来得及爱上我,<fairy-ab>: 回复 @_YUYANPENG :好熟[允悲],<张roundround>: 回复 @拂柳明月 :嫌弃大法好[爱你],<不与四下>: 回复 @我有一个十分好听的微博名字 :华胥引,<程铮的唯一合法妻子>: 做吾之徒 护汝一生 《良仙难求》,<我有一个十分好听的微博名字>: 回复 @不与四下 :这本小说叫什么名字？,<SunWeiqi_>: 回复 @yecabou :真的哎,<一只肥腻的吃货>: "有时候我觉得，就算他明天不在了，上帝也待我太温柔了”---- 他知道风是哪个方向来。 不知道为什么，一看这句，眼泪就摔下来了。,<yecabou>: @SunWeiqi_  感觉好多看过的。。,<茹此晗旭>: 回复 @缓月和茶蛋 :对对对被洗脑了，,<gakki0708268>: 回复 @圣俊大将他媳妇儿 :诚哥是微笑原型？？妈呀，我以为只是女主喜欢微笑而已，我只觉得周荡那个原型就是陈圣俊而已，然后女主是他爱的福纯[眼泪],<圣俊大将他媳妇儿>: 回复 @gakki0708268 :就是诚哥啊。。 然后女主偏向于苏小妍 好像是这个名字吧。。,<gakki0708268>: 回复 @圣俊大将他媳妇儿 :感觉不太像……我说诚哥耶,<圣俊大将他媳妇儿>: 回复 @gakki0708268 :原型好像是微笑啊。。。以前的adc,<我的露娜没有大>: 回复 @一只永不安生的少女 :你微笑时很美~顺便给你一推gun哥~[doge]电竞文超好看如果你像我一样喜欢电竞的话,<七纯纯哎>: 你去守国家吧，我来守着你[心]骁爷南初,<子小忞>: 回复 @帅气网友易先生 :你特别好，我喜欢你！,<-_-水仙已乘鲤鱼去-_->: “沉鱼，嫁人吧”,<gakki0708268>: 回复 @圣俊大将他媳妇儿 :感觉他和她的猫比较是写we的……完全就是写we的，男主完全就是圣俊欧巴的原型[doge]你的名字是我老公的名字[doge],<喊寒男神10086个心>: 回复 @7个菠萝C :我也这样，结果连跪超鬼[二哈]队友估计恨死我了,<喊寒男神10086个心>: 回复 @景行ran :谢小侯爷，好久没看了,<喊寒男神10086个心>: 回复 @柠檬柚子五加皮 :啥名？从不看总裁文的试试,<喊寒男神10086个心>: 回复 @我家文臻 :扶摇皇后，哭,<慕柒邪Ye>: 回复 @皓侜 :这书里就俩泪点，一个是这句，一个是最后一页胖子独白的最后那段,<要做学爸的小菲菲>: 不能在一起的人就是不对的人，而我才发现原来我终究不是那个对的人,<579蹦哒>: 回复 @明日香的slogan :娇娇是女主小名,<579蹦哒>: 回复 @月刊少年野綺君 :小侯爷啊♡,<等风也等你bbby>: 回复 @樱桃小丸圆 :言希阿衡 “除非黄土白骨守你百岁无忧”,<偷走咸崽>: 给我三个月，我带你去结婚,<团团今天减肥了嘛>: 沈岸，你没有良心,<为朝暮>: 我魔道[doge],<观众_august>: 半世颠簸，换来一个你，也算是三生有幸。 “如今每每想起你，就会想到我总算是有家可归。” 超迢岁月，因你而圆满。,<观众_august>: 回复 @好喜欢你呀-BAI :谢小候爷，别来无恙[心],<陆峦超壑>: 我只是不希望你拾到我的心肝宝贝，还以为只是我随意丢弃的垃圾                     ——何盼,<秉尘染>: 我是个偶尔会发疯的人啊！——路明非,<秉尘染>: 回复 @一只永不安生的少女 :社会我诚哥，人骚话还多！,<秉尘染>: 回复 @艾克蓓蓓 :诚哥！！！！,<李易峰的小迷妹哈哈哈哈哈>: 只此一妻，非卿不娶,<許清许>: 愿使岁月静好 现世安稳,<用户6086796845>: 洛枳爱盛淮南，谁都不知道 盛淮南爱洛枳，全世界都知道,<三月月家小迷妹>: 最里层的航空灯突然被调到最强亮度，并开始高频率的闪烁，总共是134盏，组成八个大字:白洛因，我们结婚吧,<你是小傻瓜吧>: 回复 @医森我好像掉颗牙 :T大的书都哭成狗[泪],<XXXLUONXXX>: 把小侯爷和娇娇的都赞了个遍,<30的库里>: 回复 @看见胡歌就怂 :我也这么觉得，第一次看一半没看下去，第二次还没看到第一次结束的地方就弃了。剧情有点扯，文笔很一般，确实不值得那么高的评价,<30的库里>: 回复 @他说她是他的猫 :一受封疆，超虐超好看啊[允悲],<缓月和茶蛋>: 回复 @茹此晗旭 :对对对。,<一只胖胖的黑驴蹄子>: 回复 @一只永不安生的少女 :我也是看完才发现的[允悲]我瑶妹也有 @咸鱼少女smiling大大,<医森我好像掉颗牙>: 回复 @你是小傻瓜吧 :啊啊啊哭了好久！！！]
6077588122	那些被影视剧毁的不要不要的小说合集。 ​​​	[<卖花买胭脂>: 回复 @微夏呀 :但是小时候觉得她脸好圆好圆啊[doge],<予北以欢>: 华胥引[并不简单][并不简单][并不简单],<找不到小哥哥不换网名>: 回复 @蔚蓝是个什么色 :十年要被翻拍了？？？谁演？？,<BawlingSV>: 回复 @火山宝宝_sss : @怪力杨蜀黍  拒绝啊🙈,<靚靚瑜>: 回复 @爱吃零食的胖墩墩 :不是吴磊不看,<靚靚瑜>: 回复 @隔壁老吴可人儿 :hhhhhhhhhhhhhhhhhhhhhhhh笑死了hhhhhhhhhhhh,<靚靚瑜>: 回复 @甜文少女 :安吉拉大宝贝啥剧都毁,<喊寒男神10086个心>: 回复 @甜文少女 :是吗是吗真的是吗，你们确定你们是原著粉吗，算了不说了，不求喷,<喊寒男神10086个心>: 回复 @甜文少女 :黑黑黑黑黑，不解释，杨蓉演感觉会比关晓彤成熟很多！！宋威龙我不太认识，但是感觉没有容止那股运筹帷幄，从容淡定，仙姿飘渺的哇哇哇，我的容止啊！！,<YINSHI九>: 回复 @甜文少女 :我会说我心中的曲蔚然是张根硕吗……[思考],<YINSHI九>: 回复 @甜文少女 :我也说句实话吴亦凡的颜就是我心中的夏木…,<我等的是张起灵>: 回复 @给我的呱太道歉 :这个是我看过的剧版比小说要好的了,<我等的是张起灵>: 回复 @1997年05月07日 :原话好像是那菩萨知道我的心意吗[允悲],<我等的是张起灵>: 回复 @Blueeeandblackkk :之前觉得钟汉良长的是来不及说我爱你里面的样子，看了何以一言难尽[允悲],<我等的是张起灵>: 回复 @Saudade_Xxx :那菩萨知道我的心意吗[允悲][允悲][允悲]印象最深的一句台词,<我等的是张起灵>: 回复 @甜文少女 :虽然剧版毁了我的盗墓，但是影版tm跟本就不是去正儿八经盗墓啊[允悲],<_最喜欢你喜欢我>: 回复 @火山宝宝_sss :我刚看完，编剧是死没了么,<忘长安冷霜寒>: 回复 @忘长安冷霜寒 :要毁死了，男主都改了,<唐殿_>: 回复 @糖糖_RD :173,<唐殿_>: 回复 @绵雨纷纷smile :是173。,<Meggie姜_>: 回复 @三姑娘mio :蜜汁炖鱿鱼也拍了？？？[泪][泪][泪],<Meggie姜_>: 回复 @火山宝宝_sss :谁要拍！！！打死他！！！！[拜拜][拜拜][拜拜][拜拜],<Meggie姜_>: 回复 @Rrrrreinayuan :温暖的弦 我不要啊 拒绝[泪],<Meggie姜_>: 回复 @甜文少女 :都不敢看原著了[允悲]看到薄靳言我就出戏想到……[允悲][允悲],<慕柒邪Ye>: 回复 @甜文少女 :这个拍的真心还不错啊,<Meggie姜_>: 回复 @旺旺苏饼干 :还有于正的凤求凰[允悲][允悲][允悲][允悲],<Meggie姜_>: 回复 @甜文少女 :一见容止误终身 自己误去吧 我自己瞎几把过,<一只烊09>: 回复 @甜文少女 :缝纫机[允悲],<Mango_iiice>: 回复 @甜文少女 :港真 杨洋演的小哥挺好的挺还原啊。明明jbr演的影版的比较辣眼睛居然没人骂 可能真的存在感低,<霍玲玲balabala>: 回复 @一聲婉安 :哈哈哈墙都不扶只服你,<霍玲玲balabala>: 回复 @甜文少女 :电影还原度很高了,<等风也等你bbby>: 回复 @甜文少女 :之前也是看微博好多人推荐凤囚凰，整本文感觉可长可无聊。。个人感觉,<likeXZQ>: 回复 @甜文少女 :电影我觉得拍的挺好的呀 没有毁原著,<译倾>: 回复 @ZTAIYANGY :抱走此楼钟汉良。忽视瞎眼路人。,<康雨佳44136>: 回复 @甜文少女 :看不懂这部电影,<BENLA_YING>: 回复 @脸大如圆圆 :来不及说我爱你也很好,<火山宝宝_sss>: 回复 @CoupleH啊 :对啊 我觉得也是没有人可以演的 谁都演不出我心中的Gun神,<年年的韩商言>: 回复 @火山宝宝_sss :对啊，虽然不会毁，但是我还是觉得娱乐圈没有人符合Gun 神，那么高，满口胡话的哈哈哈,<火山宝宝_sss>: 回复 @CoupleH啊 :那最好了QAQGun神不能毁,<年年的韩商言>: 回复 @火山宝宝_sss :可是二宝以前好像说她自己的书她一定要自己当编剧，毕竟那都是她的宝贝啊,<火山宝宝_sss>: 回复 @CoupleH啊 :咦 她是编剧嘛。。可是之前看到影视化的剧情改的很多啊,<年年的韩商言>: 回复 @火山宝宝_sss :我爱的蜜汁炖鱿鱼，好像也要影视了[允悲]不过还好二宝说，她自己是编剧，不过我依然觉得没有人能驾驭我的Gun神,<只愿安静Hao>: 回复 @甜文少女 :电视剧看了几遍,小时候看的。最后几集和我姐姐一起哭,哭到不能自拔,<飞花可否归家>: 回复 @甜文少女 :！！！！！,<蔚水春风>: 寻找前世之旅，这本真心好看,<溪亭阿>: 回复 @甜文少女 :第二季就emmmm,<云治aI>: 回复 @甜文少女 :这个可以啊,<sun缺失的圆>: 回复 @甜文少女 :还行   主要喜欢霍建华演的连城,<宋同学是巨蟹座>: 回复 @风遇之之 :[眼泪]笑哭，心疼你两秒,<送你一轮月光>: 回复 @autumn凉个爽 :那我还看啥，我是坚定的he党，每次看小说最后发现是be都会分分钟想打死作者[眼泪],<澄一壹>: 回复 @火山宝宝_sss :孩怕,<古月下的相依>: 回复 @青山久日谈 :醉玲珑的话 女主lss感觉还好吧 比起别的小花 或者啥 我还是选择lss emmm 男主我就不说啥了[二哈],<古月下的相依>: 回复 @甜文少女 :评论里面的yml真误不了 起码对于我来说 谢谢[二哈],<我喜欢王凯王凯王凯王凯>: 回复 @甜文少女 :演的很好阿,<我喜欢王凯王凯王凯王凯>: 回复 @甜文少女 :挺好看的阿，演的也很好，只不过小说那个尺度没法演,<炸子鸡琦啊啊啊>: 回复 @ZTAIYANGY :确实是这样,<炸子鸡琦啊啊啊>: 回复 @甜文少女 :天  上古情歌,<炸子鸡琦啊啊啊>: 回复 @甜文少女 :一件杨洋误终身]
6077588122	盘点那些看完爽翻的高智商女主小说合集。 ​​​	[<李礼智Yezi>: 回复 @甜文少女 :感情线怎么样啊?,<庄黑胖>: 最近看的《女帝直播攻略》，可以说是非常不错了,<bilibalabilibalaKKK>: 回复 @如果是一颗可以吃的柠檬 :卧槽，可以,<如果是一颗可以吃的柠檬>: 回复 @甜文少女 : @bilibalabilibalaKKK  目前为止所有小说改编电视剧里最好的阵容。。,<迷弟王俊凯的胖蟹>: 回复 @是天才- :超好看，前段时间看完之后就感觉一下子心里空空的,<叶修身后的苏沐橙>: 回复 @正版殊途 :最爱容离！！！看我简介！！！,<叶修身后的苏沐橙>: 回复 @angela_binhong :嫡谋谁写的？女主叫啥，我估计没看过,<angela_binhong>: 回复 @叶修身后的苏沐橙 :没错，我也觉得谋略里面，这本非常不错，还有重要的是男主也不渣，也没有什么狗血剧情。嫡谋也不错。,<angela_binhong>: 回复 @叶修身后的苏沐橙 :长嫡和嫡谋是目前为止，我觉得的谋算里写的很好的，女主的个性是我喜欢的类型，看了两遍，女主超级聪明，冷静，男主也是，莞尔大大的书都不错。,<永无岛的星辰>: 看评论再点开大家的回复看，会哭的[拜拜] @en昵称很难想,<WangshenhuiH>: 回复 @符倔强 :就是,<符倔强>: 回复 @WangshenhuiH :还是这个？？,<贩梦灿>: 回复 @甜文少女 :微盘下载量十一万已经很多很多了,<淮砚>: 回复 @甜文少女 :这本超好看！！,<喵了个咪滴滴>: 回复 @甜文少女 :看了一点，觉得和簪中录的文笔比起来差太多了···,<22代火影>: 庶女有毒 良陈美锦,<姿筱渊>: 回复 @甜文少女 :可他妈好看了！！！,<娇敏陈病精神>: 嫡谋     竟没人提到这个！ 看过很多小说，很少让我觉得这么过瘾的。,<优雅婷->: 回复 @甜文少女 :西子情的小说从来不看的，没有例外。,<他到底是不是鱼啊hhhh>: 回复 @甜文少女 :就我看不下去？,<WANGSYUA>: 皇后刘黑胖  挺好看的  不过她就是活得很通透  还挺搞笑的,<造梦姑娘_LUCIFER>: 回复 @甜文少女 :哈哈，硬是没看下去,<奶油甜桐>: 回复 @都说了不要放葱了 :哎呀。。但是容景的人设很棒啊！,<新酒无旧事>: 回复 @造梦姑娘_LUCIFER :在我理解这是特色啊，表现的更加假,<万更生2000>: 回复 @爱糖豆的云霄 :谢谢[微笑],<爱糖豆的云霄>: 回复 @万更生2000 :庶得容易   花开锦绣  嫡谋  嫡策  玉堂金闺  花开春暖   世婚  斗鸾  九重紫  金陵春   这些都可以  十八钗感觉也不错，不过跟一部小说有点儿雷同不知道哪个在前哪个在后[眼泪],<万更生2000>: 回复 @爱糖豆的云霄 :但在知否之前我见过的宅斗，要么让我怀疑作者或主角智商，要么怀疑自己智商[笑cry]还有什么像知否一样看着比较身心舒适的小说吗？,<爱糖豆的云霄>: 回复 @万更生2000 :知否这种因为他们觉得家长里短没啥激情？然后情情爱爱的也不是很多～我是超级喜欢充斥各种吃的布料首饰家具的宅斗种田文的[眼泪] 然后簪中录这种呢，喜欢破案的觉得我看得都是情情爱爱，很扯淡的不现实的很low[眼泪],<万更生2000>: 回复 @爱糖豆的云霄 :为……为什么？,<爱糖豆的云霄>: 回复 @万更生2000 :哈哈哈哈哈身边人都理解不了我对这种文的热爱[笑而不语],<万更生2000>: 回复 @爱糖豆的云霄 :终于，找到组织了[心],<爱糖豆的云霄>: 回复 @万更生2000 :握爪！[羞嗒嗒],<万更生2000>: 回复 @爱糖豆的云霄 :这位朋友，来，握个手！,<万更生2000>: 回复 @您拨打的用户已停机bing :谢谢。我人生中唯一接受了的宅斗文和推理文，居然这样开撕了[笑cry]。不是你科普我还啥都不知道。,<谁说大清亡了>: 回复 @甜文少女 :结局太他妈坑了,<谁说大清亡了>: 回复 @甜文少女 :好看！！！女主牛逼！！！,<您拨打的用户已停机bing>: 回复 @万更生2000 :然后边使劲夸baby边贬低自己本命的女主在原著中土丑没气质会拉低baby的人气[笑cry]就是这么回事,<您拨打的用户已停机bing>: 回复 @万更生2000 :就是之前说要拍电视剧明兰传和簪中录都有消息说baby饰演女主角但是档期问题只能选一个(不确定看撕逼是这个意思)，然后明兰传和簪中录各自的书粉就炸了开始史上最清奇的撕逼，知否/簪中录书粉就每天到对方的官博还有贴吧那边使劲夸baby美baby演技好baby有气质特别适合簪中录/明兰传的女主,<1baby-5>: 《凰权》应该也算吧,<洛阳春深_>: 回复 @二三最喜欢的人是叶修大大 :懂我,<二三最喜欢的人是叶修大大>: 回复 @甜文少女 : @洛阳春深_,<干儿干儿_>: 《莫不知璃心》  江因璃,<肥佳_slow>: 回复 @甜文少女 :这本书好看的,<甜白菜炒小香肠>: 重生之侯门毒妃[doge],<裹紧我的小被子吖>: 回复 @qualities-Better :求推！,<醉看公子世无双>: 回复 @甜文少女 :结局后来有点。。。,<醉看公子世无双>: 回复 @甜文少女 :这篇真的超棒啊啊啊,<万更生2000>: 回复 @您拨打的用户已停机bing :请求科普[心][可怜],<我瑜的恩灿>: 回复 @甜文少女 :这个好看，女主特别变态，爽文，还有骨科，男主比较清冷,<__終__>: 回复 @qualities-Better :亲，资源来一发波,<潘多拉的魔盒在唱歌>: 还有一个女主叫沐如岚，男主叫墨谦人的小说，以前还看bg的时候看过，这个真的印象很深，女主是真的聪明，小说整体写的也不错，还是值得一看的，特别是女主的杀人手法。,<一瓶柚子味酸奶>: 回复 @甜文少女 :太苏了。。。心疼夜轻染]
6077588122	#网文回忆杀# 至今为止，你看过的最最喜欢的一本小说是什么？ ​​​	[<小飞象鼻子长>: 回复 @我爱曼陀罗七七 :[允悲]我也是看了这两本…之后看其他文觉得文笔就一般了…还有她的总统文系列你要看么？,<cinuji_kui>: 回复 @我爱曼陀罗七七 :最近都在看暖文 文笔好的作者也很多,<我爱曼陀罗七七>: 回复 @前所未有的喜欢你 :看过,<我爱曼陀罗七七>: 回复 @cinuji_kui :同感！哈哈……还有类似这种文推荐么,<我爱曼陀罗七七>: 回复 @小飞象鼻子长 :确实，陆子初很好看，还有个傅寒声也是超级好看的！！还有这种类似的么,<我爱曼陀罗七七>: 回复 @凉茜茜茜 :确实好看！还有其他的文没,<我爱曼陀罗七七>: 回复 @南阳难 :傅寒声，萧潇！陆子初，顾笙！真的真的超好看的，大爱,<万种风情shmily>: 他知道风从哪个方向来,<千玺晚安>: 你微笑时很美[馋嘴],<是AN静啊>: 回复 @Siuheichu :拉丁是真的跳戏,<言格Mortimer>: 亲爱的弗洛伊德。一辈子忘不掉,<茹此晗旭>: 回复 @柿子软的姐姐lzy :全职顶上去,<柿子笑烂没>: 回复 @耐心与忍 :我去找！！,<柿子笑烂没>: 回复 @Siuheichu :好看！！！,<双鱼小可乐311>: 国民老公带回家   叶子写的我都喜欢[嘻嘻],<那些年大愛的MAI>: 回复 @入树一分 :嗯？,<宋树啊>: 回复 @那些年大愛的MAI :可是遇到的都是……老一辈的……,<那些年大愛的MAI>: 回复 @宋树 :从此有师生恋情节,<柿子笑烂没>: 回复 @耐心与忍 :我私信你吧？,<柿子笑烂没>: 回复 @耐心与忍 :啊？？？都番外了啊？,<耐心与忍>: 回复 @柿子笑烂没 :不是的不是的 你看下部了么 有两部的,<贩梦灿>: 回复 @為戲入迷我也一路跟 :推推推,<这辈子睡不到黄景瑜还有什么意义>: 回复 @鹿晗钟大怀里猫_夜南苏 :最爱,<柿子笑烂没>: 回复 @耐心与忍 :2010年，言希开始搜集证据。2013年，言希三十一岁的时候，娶了楚云，按照爷爷的意思，传宗接代。云在微笑到场，说，温衡现在在非洲带医疗队，没有时间来，只拿出了温衡亲笔写的“百年好合”。2015年，言希击溃陆氏，陆流在监狱中问他，言希，你的心呢，为什么我看不见。…… 这些是啊衡前世的记忆吗？,<耐心与忍>: 回复 @Netivcid :没有啊 言希没有和楚云在一起过啊,<茹此晗旭>: 回复 @柿子软的姐姐lzy :全职顶上去,<爱吃鱼的赵小V>: 凉生，我们可不可以不忧伤,<松鼠的栀子花>: 《她病得不轻》真的很可爱呀哈哈哈哈哈哈哈,<孙文今天减肥了吗>: 回复 @LingLiiiiii :是的！,<LingLiiiiii>: 回复 @孙文今天减肥了吗 :六少！！,<SuzieAlan>: 回复 @我家稻草人永远接着地气 :是了,<鹿痞佳人->: 回复 @sweetie_luho :稻米打卡,<許嵩是我男神啊82531>: 回复 @风玲-L :刚看完《田间欢》，好多年没看过虐文了，感觉跟《那个不为人知的故事》有点像,<柿子笑烂没>: 回复 @耐心与忍 :感觉奇奇怪怪的…之前哪个全剧终不是说娶了楚云吗？后面和温衡生孩子又是什么鬼啊…混乱🙈挺好看但是感觉没让人串起来…哪个时间轴有是什么东西…云里雾里的,<易烊kiki>: 回复 @吃口肉冷静一下 :哈哈哈你有出息,<耐心与忍>: 回复 @Netivcid :恩是的,<_旻旻chim>: 她的小梨涡虽然烂尾了(｡•́︿•̀｡),<风玲-L>: 回复 @許嵩是我男神啊82531 :看完之后分享一下心得,<柿子笑烂没>: 回复 @耐心与忍 :可我…看不下去了…言希是不是被人…？,<Witney_>: 回复 @狗腿子阿 :温衡言希，四字成双。,<Witney_>: 回复 @我家稻草人永远接着地气 :就知道会有十年，得成比目何辞死，只羡温言不羡仙。,<許嵩是我男神啊82531>: 回复 @风玲-L :谢谢[太开心],<对生丶>: 那个不为人知的故事。,<剪灯花>: 回复 @為戲入迷我也一路跟 :天天！,<dfhbb>: 回复 @我家稻草人永远接着地气 :我看了三次啊[笑哈哈],<这个一個莘>: 回复 @三流冒险家 :好看吗,<这个一個莘>: 回复 @梦想实现家Skying :ok,<柠檬茶韵ing>: 季凉川，爱了你那么多年 如果巴黎不快乐,<蝴蝶洁零号>: 墨宝非宝的都爱看,<蕓曉白>: 凰权[心]真的喜欢知微，太喜欢这样的女孩子了[心][心][心],<西瓜妈妈爱西卡>: 危险关系啊 我为男主陆子墨爆灯啊]
6077588122	如果让你从看过的小说里选一个人当男朋友，你会选谁？ ​​​	[<kawaiixox>: 回复 @Siliy面包姐姐 :果然十年党都是一样的心理，我们会选择言希但是我们都想他是阿衡的,<清水镇外>: 回复 @VeryPenny :同道中人。笔芯,<VeryPenny>: 回复 @清水镇外 :看到的第一个说我相柳的[心][心]炒鸡心疼,<VeryPenny>: 回复 @kelvinsmine :同匪大粉,<甜柚Yoki>: 佟卓尧(•̀⌄•́),<做我的言小乔>: 我最喜欢的男主是言希  可是言希是阿衡的,<不几道啦>: 哑舍里的老板  虽然我真的不想拆开他和医生  但是我还是想要老板 ！！,<不几道啦>: 回复 @咧的法定小女友 :那叶宁远给我喽  弟弟给你   弟妹,<富川白白怀里的吴世勋>: 回复 @富川白白怀里的吴世勋 :看了半天没我荡荡！不合理！！！,<富川白白怀里的吴世勋>: 想找个周荡宠着[允悲][允悲][允悲],<张roundround>: 卧槽必须易连恺[泪][泪][泪]请你吃糖，我叫易连恺,<o耄耋o>: 回复 @丁儿酱 :什么书!,<背抑_wink>: 回复 @名侦探柯西西 :啊啊啊我Gun神,<橘子喵呜喵>: 周荡荡啊[花痴],<始终一天w>: 当然是蓝二哥哥[喵喵],<程婷怡>: 岁月忽已暮and致岁月迢迢,<程婷怡>: 如果巴黎不快乐[哈哈][哈哈][哈哈]炒鸡好看,<蜜瓜味的仙女儿>: 回复 @shxbxjsozndgsh :是吗是吗私聊下,<狗子吧>: 回复 @画笙儿 :阿荡小公主哈哈哈[二哈],<一个傲娇怡啊>: 回复 @妍Unna :超爱,<一个傲娇怡啊>: 回复 @wuli佳慧啊 :哈哈哈 超喜欢他,<我的露娜没有大>: 你们？没人说wan？丸神~,<我的露娜没有大>: 回复 @wuli佳慧啊 :天呐~一中乱不乱~辞哥说了算~,<锦里里里里子>: ......周......周子舒.....对不起我不是故意拆bl的[拜拜],<YINSHI九>: 回复 @提伯斯我们走 :墨谦人,<--容止-->: 回复 @薄家姜姜 :大爱容止,<--容止-->: 回复 @i荼靡酱 :啊啊啊 大爱容止,<--容止-->: 回复 @ElMOTung :小爷最帅,<终于蓝>: 回复 @名侦探柯西西 :爆灯,<慕柒邪Ye>: 陆之昂，肖奈……反正我少女心了,<一只肥腻的吃货>: 回复 @王山而Arie :我主要是怕被女主拿着菜刀砍了[祈祷]🏼,<胡大闹vvv>: 高山仰止   景行行止 谢景行[爱心],<Isrigpa>: 回复 @是子晕 :请问我三遍哈哈哈 顾夜白 彭野 谈书墨,<Isrigpa>: 回复 @是子晕 :顾夜白,<又恍惚了>: 回复 @等风也等你bbby :你微笑时很美,<等风也等你bbby>: 回复 @又恍惚了 :诚哥这本书叫啥啊。,<等风也等你bbby>: 回复 @李佳是好人a :不知道为啥看到张翰莫名恶心。。,<是子晕>: @Isrigpa,<忆往昔99947>: 为什么没有人说云峥[悲伤][悲伤][悲伤]，一个一想到就想流泪的脸色[泪],<澄心1984>: 容磊呀，赐我一个容磊吧[爱你],<与情欲哥哥>: 回复 @李哎呦呀 :诚哥啊啊啊！！！,<_风与月>: 帝释音—《步步惊华—懒懒小兽妃》,<i荼靡酱>: 我只爱容止，一见容止误终身阿！认真脸,<薄家姜姜>: 薄靳言  容止  沈小王爷,<AntheaSS>: 哇为什么没有人为沥川哥哥打call！我喜欢王沥川啊！,<MIAOSIHR>: 回复 @高光墨汁 :好的[好],<高光墨汁>: 回复 @MIAOSIHR :你是说厉爵风么？那是QQ阅读里的，作者银小宝。《天价萌妻；厉少的33日恋人》,<星际网红的正牌女友>: 陆思诚 不管 爱他 爱他的玛莎拉蒂[二哈],<李易峰的小迷妹哈哈哈哈哈>: 麻烦小仙女们告诉我！陆思城是什么鬼,<糕仁土土xi>: 回复 @月饼哦耶耶 :[偷乐][偷乐],<南岸青栉>: 应寒时[心][心][心]]
6077588122	这是一条看了心情会变好的小说合集。 ​​​	[<炸子鸡琦啊啊啊>: 回复 @道阴 :笑死了,<爱吃冰淇淋的大狸子>: 回复 @甜文少女 :女主跟个大傻子一样受不了,<琛谌惩趁>: 回复 @甜文少女 :社会我荡爷,<小傲娇-婧大大>: 回复 @甜文少女 :超甜啊啊啊啊！！！,<--cleanliness>: 你和我的倾城时光,<优雅婷->: 回复 @甜文少女 :看成小编剧受上大明星的故事,<吴世勋世勋勋>: 回复 @希-尔尔- :今夜晓晓[并不简单],<奔奔宇宙无敌>: 回复 @故人酒酒 :你n年前就推过了,<芝士奶盖焗菜花>: 回复 @SONGLE君- :发啦,<SONGLE君->: 回复 @芝士奶盖焗菜花 :可不可以发给我[小黄人剪刀手][小黄人剪刀手],<居然不支持叫1974>: 回复 @方岐雾 :明明是红buff,<啃掉邱言蹊>: 回复 @甜文少女 :城哥和他的小矮子  http://t.cn/RK0cecN,<冢田小埋>: 回复 @甜文少女 :但是网剧毁了一切[泪][泪][泪][泪][泪],<啊好想换名字>: 回复 @甜文少女 :我也看不下去，剧情走向好牵强，其实混圈子的久了就知道这个意淫太过了,<likeboombey>: 回复 @甜文少女 :超爱唐劲[心],<SH香jiong>: 回复 @昏昏nie :能能能 而且看完就想玩游戏了,<杜美一>: 余生请多指教。[馋嘴],<OoLANEoO>: 回复 @四喜丸子头ovo :哈哈哈一秒毁形象,<xkke_>: 回复 @甜文少女 :诚哥！,<四喜丸子头ovo>: 回复 @OoLANEoO :哈哈哈哈哈我忘记了，反正很骚包就是,<-午时三刻可爱鬼>: 回复 @甜文少女 :还有没有类似的啊 看完觉得书荒了已经,<OoLANEoO>: 回复 @四喜丸子头ovo :跳的是拉丁不是吗哈哈哈哈,<一只颉子>: 回复 @甜文少女 :超爱啊 因为这本粉上了作者,<秦岭有风霜>: 回复 @甜文少女 :看完的真的好好看[心],<NINO崔先森>: 回复 @一个可爱三儿 :百度打名字，然后后面加个网盘，一般都有网盘资源呐,<一个可爱三儿>: 回复 @NINO崔先森 :请问这种小说都是在哪里看[并不简单],<一夜三饿郎>: 回复 @甜文少女 :有点拖拉，不过可能是个人原因，还是很好看的,<荔枝阿_Boom->: 回复 @奶茶鸡蛋仔仔 :喔我明白了，好！！,<奶茶鸡蛋仔仔>: 回复 @甜文少女 :全文都是梗，唯一一本我不舍得往下看的！！你必须看！！！ @荔枝阿_Boom-,<影子藤蔓>: 头像好评[笑而不语]诚瑶党？[笑而不语],<漫漫长路慢慢走SuperGirl>: 回复 @欣肝儿哟 :很气的是为啥不直接甩给我网盘资源[污],<叫窝茶茶子>: 回复 @甜文少女 : @八一八辣个误我青春的唐贱人  看评论吃我一剂安利[二哈],<欣肝儿哟>: @漫漫长路慢慢走SuperGirl   来来来,<啃烈>: 回复 @甜文少女 :这个是好看了,<hh你的小迷妹啊>: 回复 @甜文少女 :啊啊啊啊啊，我们诚哥，我们瑶妹，看我头像[哈哈][哈哈][哈哈][二哈][二哈][二哈][二哈],<Mrs_KaiDeer>: 回复 @echoch0 :啊啊我知道的,<echoch0>: 回复 @甜文少女 : @Mrs_KaiDeer  我好想跟你說過很多次了 每次看我都覺得好餓！ 然後我竟然跟著做了裡面的菜[眼泪],<以梦为鹿Lulu>: 回复 @甜文少女 :……我看完之后觉得还好……没有酥到我[泪]我心肠好硬[泪],<今天依旧在坑里>: 回复 @甜文少女 :真的超喜欢这本，还记得初中的时候全班安利,<許嵩是我男神啊82531>: 回复 @甜文少女 :女主性格不错,<薛之谦的左不羁>: 回复 @甜文少女 :真的超级无敌好看啊，完全我的菜,<薛之谦的左不羁>: 回复 @言火火Viki :对对对。我看完了以后还以为少篇了，又找了好几遍，发现结局是一样,<小叶子你快开花啊->: 花间提壶方大厨！,<Neoozsyy->: 回复 @甜文少女 :哇看了一章接着不受控制的一直看停不下来[并不简单],<一方净土96>: 回复 @言火火Viki :这个结局不全 后面还有,<大壳家的小正版>: 回复 @甜文少女 :赞啊,<Akycedc>: 回复 @甜文少女 :马,<芝士奶盖焗菜花>: 回复 @yy-zeroooo :我传百度云给你,<yy-zeroooo>: 回复 @芝士奶盖焗菜花 :你是在哪儿看的哦，分享[太开心],<晚chun树>: 回复 @甜文少女 :诚哥：外面那辆车给你炮车也不能给你,<youaremyheartsonedesire>: 回复 @甜文少女 :乍一看陈思成？！！[允悲],<鸡汁粥>: 回复 @甜文少女 :超好看,<朝你招手>: 回复 @甜文少女 :评论都是诚哥骚话语录 总之是个值得二刷甚至三刷的文,<Heure0>: 回复 @ZHOUKAAOYA :哈哈哈哈哈哈哈哈哈哈哈哈哈简直了,<ZHOUKAAOYA>: 回复 @Heure0 :脑子里全是紧身舞蹈衣…………gaygay的模样……,<恶毒少女莫妮卡>: 回复 @-阿秋阿秋 :哈哈哈哈对对对,<Heure0>: 回复 @ZHOUKAAOYA :原来不止我一个人看到那段弃了啊………脑补的画面真的太美好所以看不下去了…………[允悲][允悲][允悲]]
6077588122	#网文回忆杀# 你看过的小说里，有没有哪句话让你瞬间泪目？ ​​​	[<岚妹妹的小时候>: 回复 @TaeYuki :啊啊啊啊厉爵风,<他眼里有星光满地>: 回复 @哥鹿 :把曲蔚然送到医院 知道他没事了 靠在严蕊怀里 七窍流血死去多时 全凭意志在等曲蔚然,<哥鹿>: 回复 @他眼里有星光满地 :咋死的[泪][泪][泪],<奥利奥男神MUA>: 回复 @enerl :本来当时看完超级喜欢这本书 也喜欢这个作者 结果她竟然抄袭还高级抄 融梗 呵呵 抄袭一生黑 现在看到的再好看也是别人的 有意思么 后来预售签名本没有再买过 为了抄袭 不值得花那个钱好吗,<喃鲸QAQ>: 回复 @Netivcid :就是啊[doge],<他眼里有星光满地>: 回复 @哥鹿 :...对啊,<哥鹿>: 回复 @他眼里有星光满地 :夏彤死了？？？？？太久了。都忘了？？？,<哥鹿>: 回复 @咸鱼莉莉丝 :小薛采啊[泪][泪]死的时候哭成泪人[泪][泪],<PengMindy>: 回复 @李蔻最可爱 :要啊，可以发给我嘛？,<柿子笑烂没>: 回复 @喃鲸QAQ :是不是十年一品温如言？？？,<M萌茶茶M>: 佳期，欢迎回家。,<啊啊嗯呐>: 回复 @七九窝 :今天刚看完 我的小薛采啊啊啊啊啊啊[泪][泪][泪],<温柔狂n>: 蓝曦臣 我这一生害人无数 杀父杀兄杀妻杀子杀师杀友 天下的坏事我什么没有做过！可我独独没有想过要害你。,<PinkyOni>: 回复 @我是TMY :看到评论我就没敢看了 怕半夜哭出猪叫[摊手],<我是TMY>: 回复 @PinkyOni :过了好久了，不知道你现在看这本小说没    结局虐的我哭了一晚，大半夜还没睡意,<这个一個莘>: 回复 @一粒山楂_ :[哆啦A梦吃惊],<这个一個莘>: 回复 @我就是二胖houhouhou :[爱你],<这个一個莘>: 回复 @十月池cc :谢小侯爷,<这个一個莘>: 回复 @夏目的小娘子 :[爱你],<哈喽几友>: 回复 @TaeYuki :看前面好多书迷打出了经典句子 瞬间回忆杀[舔屏]好久不看总裁文 但这是我看过最好看的 我的启蒙总裁文[嘻嘻]初中时自己看的虐死了还推荐给了周围闺蜜看 然后三个人在课桌上写厉爵风顾小艾 争执阿风和世修谁更配小艾[爱你]满满的回忆,<瑜洲一起慢慢走_Johnmy>: 回复 @胭脂爸比 :必须uv[doge][喵喵],<少女心过度->: 回复 @YAKUMA_ :wuli野哥啊啊啊！,<少女心过度->: 回复 @enerl :彭野啊啊啊！！,<胭脂爸比>: 回复 @瑜洲一起慢慢走_Johnmy :uv or vu[doge][喵喵],<wEndY_Yong>: “你要过得好 我才甘心”,<wEndY_Yong>: 回复 @拆除 :言希啊言希[泪][泪][泪][泪][泪][泪][泪][泪][泪][泪][泪][泪][泪][泪][泪][泪][泪]直接泪目,<依依依依依不忘>: 回复 @郑爽黑粉大大 :记得很虐 但情节忘了[允悲]有人能讲讲么,<二十四乔是易烊>: 回复 @李蔻最可爱 :好看死了,<朴实的刘欢>: “我要死了？你开不开心”,<易烊千玺的小迷妹u>: 那一天，据说是百年难遇的黄道吉日。,<King_2002Y>: 回复 @长腿杨叔叔 :没感觉.....,<粥粥和鲸鱼>: 回复 @缓归向奚山 :从不知相思，安知相思死[心],<Iris彤_>: 回复 @失眠的小小只 :有没有网盘链接呀？找了好几个都没有看到那里，都是在比赛夺冠那里就结束了,<岑小小小睿>: 回复 @噢噢噢栗子啊 :超喜欢沈凉凉和谢小侯爷这一对，最后那一句真的绝了，看得我少女心爆棚[好爱哦]刷了好几遍，每次看到永乐帝和显德皇后的时候都心尖滴血，她是他中意的人啊[允悲],<岑小小小睿>: 回复 @十月池cc :谢小侯爷啊啊啊啊[舔屏]霸气沈皇后啊[色]最喜欢的一本书了，看过好多好多遍[好爱哦][好爱哦][好爱哦],<东西什么>: 回复 @长腿杨叔叔 :比心孙嘉遇[爱你],<腐女起风了>: 你去守国家吧，我来守你,<邹迟迟w>: 可你在这儿 我能去哪儿,<_Kimono薇>: 我用我满身杀戮，满手鲜血，换你们母女一世平安,<可乐先森啊>: 回复 @不爱学习的安医郎中 :哈哈哈哈哈哈隔,<Cold_Snow921->: 也曾想与你百年好合，为什么你偏偏走了,<抚笛踏沧歌>: 回复 @脚滑的西瓜皮 :哈哈哈哈同道殊途方言版,<软的要命lx>: 回复 @拆除 :人非木石皆有情，不如不遇倾城色,<芷小萱ww>: 回复 @瑜洲一起慢慢走_Johnmy :天天就是天天！！！,<施小启>: 洛枳爱盛淮南，谁也不知道。 盛淮南爱洛枳，全世界都知道。  http://t.cn/RKcYMMy,<善类良人>: 回复 @易易er叭 :一受封疆mmp心理阴影,<這裡有一隻豬->: 回复 @长腿杨叔叔 :到现在还是一直喜欢 平安喜乐这个祝福 想起就心疼 我的孙嘉遇[心],<大壳家的小正版>: 回复 @呵欠q :啊啊啊啊啊啊啊啊啊啊啊啊啊啊啊啊啊啊,<芒果味的仙女-->: 诚哥……我们是不是要分手啊？,<金泽夫人>: 厉爵风的每一句情话都要腻死人，真真总裁界扛把子[憧憬][憧憬]// @TaeYuki :我的世界里只有顾小艾和其他人的区别,<嘿我是罗小白>: 回复 @郑爽黑粉大大 :就是看了你这条下面的评论  没忍住去看了……[泪][泪]哭的我一把鼻涕一把泪 [泪][泪][泪][泪][泪]  http://t.cn/RKG0ANM,<听见下雨的声音198412>: 回复 @PinkyOni :悲剧啊,<hinlanleeee>: 阿楚，燕北很美，跟我回燕北吧,<Dujxx_>: 回复 @吾是何等英俊的好姑娘 :啊啊真的这一章哭死,<顾家野猫>: 回复 @凊算 :为我费嘟嘟爆灯,<DM_字好多>: 回复 @吴雯雯喜欢你 :嗯…前面污污了点嘛，后面都是剧情了[笑cry],<吴雯雯喜欢你>: 回复 @DM_字好多 :我咋觉得是小黄文(๑˙ー˙๑)]
6077588122	盘点那些过目难忘的女扮男装小说合集。 ​​​	[<会卖萌的小簪子>: 有没有现代的男扮女装的甜文小说？注意：只要甜文！甜！甜！！甜！！！,<二米耶>: 回复 @喵喵喵喵喵喵喵哆哩 :桐华,<喵喵喵喵喵喵喵哆哩>: 回复 @二米妹妹 :作者是谁呀？麻烦说下 找不到,<郭胖应该是瘦子>: 回复 @余余大 :很好看啊,<郭胖应该是瘦子>: 回复 @_狐狸化作公子身 :有一段好虐的[悲伤],<郭胖应该是瘦子>: <传奇> 墨舞碧歌[爱你] 就是后面写的太拖沓。中间看哭好多次。,<丸子周_>: 回复 @酷酷的荻 :老鸡巴好看了啊啊啊,<香草豹>: 回复 @修修kiyo :怎么的呢🙊,<好运维持一整年>: 回复 @鱼冒泡pao :我刚看完啊啊啊！真的好看可惜有点烂尾,<宝宝是个小仙女儿啊>: 回复 @甜文少女 :打call！！,<鹿已成说故>: 回复 @甜文少女 :看到翻拍的男星以后，我万念俱灰。,<谁说大清亡了>: 回复 @甜文少女 :有谁到处搜类似然后入了穿越未来之男人不好当的坑的吗？为凌澜疯狂打call！！！牛逼！！！,<谁说大清亡了>: 回复 @甜文少女 :好看！！！为司凰打call！！！！就是结尾有点那啥  前面爆好看啊！！！,<过桥蛟姬>: 我想看男扮女装[doge],<惊风飘白日>: 回复 @甜文少女 :唯一一次通宵就是看这本书。其实还好，但就是一直被勾着一直看下去[允悲],<贤贤诱受了吗>: 穿越之误入皇子书院,<已熟包子_>: 回复 @甜文少女 :超好看！,<墨大竹子>: 回复 @甜文少女 :woc这个！,<quanshijiyong>: 回复 @刘逗逗呢 :最心疼的也是他,<刘逗逗呢>: 回复 @quanshijiyong :最爱顾南衣[心],<183的大白兔先森>: 回复 @甜文少女 :这个超好看,<cherry-卜>: 《朕与将军解战袍》超好看！！女扮男装，男主长身玉立清秀气质但有时略贱那种，莫名戳中萌点。[挤眼],<伊筱寞_sunshine>: 回复 @甜文少女 :看了前面几章，确实不错，能吸引人继续看下去[憧憬],<_仙鹅_>: 《帝王之友》没人看过？,<致亲爱的上帝>: 回复 @噗桶桶 :世有舒白，方不寂寞。,<momodabao123>: 妙骨生香   歌疏的   超好看啊！！！[心][心],<我的校园日常>: 怎么能没有《花木兰》呢？[并不简单][并不简单],<过渡宝贝>: 除了我你还能爱谁！,<魍魉洸>: 三生三世十里桃花,<寒云栖曲钟_>: 报告摄政王太子要纳妃（惑乱江山）这个也好看,<吃猪不是猪>: 公子有主没人看过吗[污],<0-0听说>: 回复 @甜文少女 :没更新完[允悲],<半简柏拉圖>: 军少宠上瘾 变身国民男神  好看！,<半简柏拉圖>: 回复 @甜文少女 :超级棒,<落落清欢清欢>: 溪畔茶大大的《王女韶华》！！！虽然还没完   但是迷死柿子了[爱你][爱你][爱你],<陈撇撇x>: 回复 @甜文少女 :现在还在看 还在更 真的好看,<言既遂矣__>: 回复 @甜文少女 :这真的是一部三观奇正小说，一些热血沸腾的地方看了真的会让人鼻头发酸，  强推！！,<时刻在分裂的双子>: 《两袖清风探花郎》好看！,<1648周生时宜>: 全是被推烂的文，心好累。看了两个合集都这样。别人推荐的博主。,<尧杳药>: 兰陵缭乱！！！真的没人推吗？？？,<喵呜喵呜YAHOO>: 回复 @甜文少女 :看了两遍……,<喵呜喵呜YAHOO>: 回复 @甜文少女 :高一看的现在我研一了……,<bridge_ship>: 我以为会有 传奇,<W隔壁老大爷>: 回复 @甜文少女 :看着看着有种bl的感觉[眼泪] 个人看法,<autumn凉个爽>: 回复 @zijin_miao :是吧是吧！！！我的钟原啊！！贼他妈帅！！[doge],<zijin_miao>: 回复 @autumn凉个爽 :特地看完回来点赞！！少女心炸裂好看,<许一墨相惜ttop>: 说起女扮男装我只服《倚天屠龙记》里的赵敏[酷][酷][酷],<黑白胸毛兽>: 回复 @甜文少女 :非常好看！！！感情戏非常好！,<新炒滴大瓜子儿哎>: 回复 @甜文少女 :酒小七的文都超甜爆超看啊啊啊啊啊啊啊啊啊啊！！我也是最近才入的坑！,<苏家阿仨>: 报告摄政王之太子要纳妃,<Freya不停打哈欠>: @愿我长成一棵树,<凡尘世封>: 回复 @精疯少女的日常 :你要哪一本的资源看一下我有没有,<词词酱ovo>: 回复 @甜文少女 :强推这个！描写很棒啊，特别有画面感，作者文笔细腻，思路清晰，虽然某些地方过于夸张，但小说嘛，太平淡了就不勾人啦~表示言情类的就要看玛丽苏啊…不然你去哪里把你的少女心炸裂掉???,<钟旻君君君>: 回复 @甜文少女 :所以现在完结了没[允悲],<wmy3374240564>: 回复 @甜文少女 :陛下，啊！啊！！啊！！！,<杨清尧_>: 回复 @甜文少女 :电视剧的话我倒是很喜欢马思纯，很有灵气但是感觉没那么英气，后来看了一些盛一伦的视频倒是感觉张天爱刚刚好，又觉得盛一伦只适合演面瘫做不来郡王那么活泼可爱……随它去吧，还是很期待电视剧的[并不简单]]
6077588122	你看过的小说里，有没有哪对CP 让你最难忘？ ​​​	[<顾叶宸_>: 回复 @筠笙MXmio :这本真虐,<顾叶宸_>: 回复 @-Archenemy-XX :这本书是甜文还是虐的？,<清故g>: 回复 @道阴 :啥书？,<i森林小鹿i>: 给我大诚瑶疯狂打call！！！还有我周荡小哥哥和书佳小姐姐！！！,<西北不忘西北>: 没有周荡和书佳吗,<等风也等你bbby>: 回复 @-Archenemy-XX :言希阿衡啊啊啊！一生难忘,<神之巫布利>: 圣骑士朱和杀马特峋,<橙月酥>: 炎天烬[红心]神仓夜,<橙月酥>: 回复 @我好饿ra :难道这本不应该是高度近视女和系草吗[思考],<江江江nn>: 张启山 [心]尹新月,<张甜蛋咸蛋>: 莫染初心，指染终生,<818SC子衿犹在>: 回复 @重度吸猫患者- :魔道祖师，bl，很好看,<818SC子衿犹在>: 回复 @乖张的乖 :魔道祖师，好看[并不简单],<818SC子衿犹在>: 回复 @是wang童童啊 :魔道祖师～,<保护我方张猫猫>: 德拉科赫敏[doge],<818SC子衿犹在>: 回复 @老司机带带我啊啊啊啊 :魔道祖师,<昏嘤嘤嘤>: 甄爱和言溯啊啊啊[二哈][二哈],<PyperAS>: 回复 @咧的法定小女友 :爆灯,<权志龙顶级迷妹>: 厉爵风，顾小艾 余淮，耿耿,<蓝酥_>: 回复 @许喜安Z :[心][心][心],<Enchanted时恻>: 周荡  书佳 ；沈放 赵一玫；还有好多,<尤哒狮妹>: 战意无双威风凛凛 战凛和意无双,<笑靥陈安之cl>: 回复 @瑜洲归来 :超棒！,<Aphroditee->: 回复 @横型 :真的超好看，看到哭[泪][泪][泪],<MQifang>: 回复 @许喜安Z :别看 看了就永远放不下这本书了,<YuMengF->: 回复 @一个阿欣小可爱 :对对对,<高光墨汁>: 回复 @我好饿ra :入总裁小说坑的文，她让我看了之后，其余小说都入不了眼了,<一个阿欣小可爱>: 回复 @YuMengF- :[doge]翻拍是会毁原著的,<XI水长流吾XI最棒>: 回复 @不是謝虹麗 :巨巨巨巨好看,<初心不变xi>: 周生辰，时宜       言溯，甄爱     纪言信，戚年,<松鼠的栀子花>: 乔一和F君！！！,<苏陌清20001128>: 叶非夜小说所有cp林阡陌和顾南浔,<余皛白月半>: 陆地cp[喵喵],<顾颀小仙女丫>: 顾魏 林之校[心],<你好魏晨晨晨晨晨>: 程欢  [心] 范米,<99w_>: 我大概只记得左屹森了，太虐了，当时躺床上一抽一抽的哭,<小白就是陈遇白>: 陈遇白和小离[允悲],<guoxinru郭欣茹>: 回复 @我好饿ra :作者？,<仙子戏凡尘_syj>: 《只想和你好好的》乔裕纪思璇,<succubababy>: 回复 @Lusicheng_ :可以把这个壁纸发给我吗[哆啦A梦亲亲][嘻嘻][嘻嘻],<_都怪时光太动听->: 周荡 书佳。我为书佳上王者[doge],<-北河二>: 振华三部曲呀[噢耶],<更喜欢孙嘉遇>: 爱天涯的江寒《青城》[爱心],<忬笙熠弃>: 回复 @贞大虾 :艾玛大兄弟[允悲][允悲][允悲][允悲],<一瓶柚子味酸奶>: 我诚哥和射麦令小姐姐[doge],<浅予rw>: 回复 @贞大虾 :什么鬼[允悲][允悲],<看看我ID>: 回复 @顾念久安 :说是天天就天天[doge],<宇哥我男神呀>: 回复 @我好饿ra :[摊手]进这个号只为赞和我厉大总裁有关的评论。。虽然只看过一遍太长了不敢二刷，可以说是非常真爱了,<wuli烊的马甲>: 楚墨 莲缀   君离 萧晓,<浅川007>: 评论里一片诚哥，我总是想成伊藤诚[doge],<瑜洲归来>: 顾海和白洛因！[阴险],<八一八辣个误我青春的唐贱人>: 回复 @许喜安Z :天天就是天天！！,<叫窝茶茶子>: 回复 @YaJjjii : @八一八辣个误我青春的唐贱人  [兔子],<八达小伙子>: 回复 @侵犯 :大爱啊啊啊啊啊啊啊啊啊啊啊啊！！！！！！！！,<八达小伙子>: 回复 @爱名V :妈的终于有人提这本了！！！！！大半夜哭出声太好看啊啊啊！！！！！书名书名亿万老婆买一送一！！！！！！！！！求你们去看！！！！！！这个作者的文都！超！！他！！妈！！的！！好！！！看！！！！！！！！！！真的好好看啊啊啊啊啊！！]
6077588122	整理了那些值得一看的萌宠文小说合集。（变成动物） ​​​	[<嗷嗷叫的大脸猫_>: 为什么都是耽美啊,<月野风和>: 回复 @甜文少女 :还记得我男票瞥到我看这个小说时候的表情……说我非常重口，连蛇的小说都看[笑cry][笑cry][笑cry],<不愿透露姓名的手机用户82807>: 回复 @茜米粥zz :你看过…微笑吗,<青宇的顺风耳>: 回复 @甜文少女 :这篇我的最爱！！！！,<静75603>: 回复 @甜文少女 :含桃也超级好看啊  凤凰和小龙,<无衣也好与子同袍>: 回复 @甜文少女 :这个作者的都挺好的，感情进展也不会很突兀,<不想起床就是不想起床>: 回复 @re滥情少女 :对对对就是这个[憧憬],<短指甲阿芷>: 回复 @甜文少女 :这个不错啊,<老公太多了>: 回复 @修图大脸妹 :我记得中间虐了然后就没看了,<re滥情少女>: 回复 @不想起床就是不想起床 :小鹦依人啦是,<我要飞-->: 回复 @甜文少女 :要资源来呀来呀,<枫-落闫>: 回复 @甜文少女 :好看的，这里推荐的三本小说都看了，超好看，个人比较喜欢这个类型,<蒙娜丽莎di哭泣>: 回复 @孤独的美食家12138 :我也不清楚啊，这本书是很久很久很久以前看的[允悲]你在别的网站上再找找吧[污],<光骄小V_1990>: 回复 @甜文少女 : @黄野万鹤 [喵喵][二哈],<公载世勋-来镇有方>: 回复 @甜文少女 :青浼的所有文都好看到爆炸,<戏妣>: @郑逗比爱吃大西瓜    @赵9颜,<西瓜不甜就不要钱>: 回复 @修图大脸妹 :周玉大大的书,<改名你就不认识我了>: 回复 @大李V8 :[笑而不语]这个我还真不知道。哈哈哈哈哈哈哈哈 开车了啊！,<小魔女Mila>: 居然没有帝宠，我不服,<是你细爹>: 回复 @甜文少女 :巨巨巨巨巨无敌好看！买了实体书( •̀∀•́ ),<孤独的美食家12138>: 回复 @蒙娜丽莎d哭泣 :为什么我在晋江上查不到啊,<刹那拔娜娜>: 回复 @蒙娜丽莎d哭泣 :禾早！！她的文真的是带我进了不少坑[作揖]我很少重复看书或者电影的但是猫游记我看了三遍...,<御姐控的瘦不下来>: 回复 @甜文少女 :这个我最少五刷，真的好看,<大李V8>: 回复 @改名你就不认识我了 :[眼泪][眼泪]暴露了，暴露了啊，我都是搜小黄文看的,<起床困难户Tyng>: 回复 @甜文少女 :有,<额为什么总被占用>: 回复 @bibabobobobo- :我喜欢[坏笑],<bibabobobobo->: @额为什么总被占用   这个博主很适合你,<想做什么么>: 回复 @我爱慢慢爬 :这不是一本小说，是个梗[笑cry],<我有三个智障基友>: 回复 @甜文少女 :求个屁的网盘啊。。。。看正版不行吗tut，,<松小小小鼠__kaka>: 回复 @甜文少女 :好看！强推！,<美瞳-啊啦酱>: 爱看文的小宝贝们免费送美瞳哟,<阿司腿长一米三>: 回复 @RuiSoSoXiDouXiLaSo :好哒喜欢小甜文，一会儿去看看,<RuiSoSoXiDouXiLaSo>: 回复 @阿司腿长一米三 :还有一本 叫 他和他的猫 也是电竞 也还可以,<阿司腿长一米三>: 回复 @RuiSoSoXiDouXiLaSo :我是被女主的小短腿吸引的哈哈哈哈哈哈哈，原来我也是微笑的粉，打联盟，，后来转战王者农药了，所以看这种电竞文，真的啊好喜欢，谢谢你的安利～,<RuiSoSoXiDouXiLaSo>: 回复 @阿司腿长一米三 :哈哈哈哈哈又一个被我诚哥所俘虏,<阿司腿长一米三>: 回复 @RuiSoSoXiDouXiLaSo :被你安利！看完特意找到你的评论来告诉你，真的好好看[心],<第一糖醋排骨吹>: 回复 @甜文少女 :？？？？？冲着这么多人推荐以及作者的名字，昨天看了两眼，觉得并不是很好看啊…应该是因为是早期文的原因吧,<无存在感的影子_>: 回复 @甜文少女 :这个好好看！【疯狂打call】,<我爱薛之谦->: 回复 @塔塔的少女吖 :特别好看[爱你],<我爱薛之谦->: 回复 @胖卷真是萌萌哒-多多洛 :超级好看对吧[爱你],<Ya_hoo谦>: 回复 @君山岛抚鸣 :谁写的，我百度搜不到,<爱走边边的小妮儿>: 回复 @呆呆_design :是呢，伪兄妹，甜齁～[偷乐],<呆呆_design>: 回复 @爱走边边的小妮儿 :对对对 表妹有爱,<呆呆_design>: 回复 @哆啦哆哩酱 :不幼稚 认真看,<媛媛小仙女超级kiyo>: 当然是让我留在你身边啊啊超好看！,<我爱慢慢爬>: 回复 @宝宝 :可以告知一下作者是谁吗？看到好多人推了[可怜][可怜][可怜],<猫吉___w>: 为什么那么多耽美？？？？,<Jennifer王喵喵是一只小傲娇>: 《大理寺少卿的宠物生涯》....蛮好看,<用户838191202>: 回复 @阿澈T-ry :这本太好看了！！ 悬疑的 就是有些地方没解释清楚,<大李V8>: 回复 @甜文少女 :看第一遍的时候是真的觉得不怎么好看，一直快翻，等后来一看追的停不下来,<大黄狗今天锻炼了吗>: 回复 @甜文少女 :[太阳][太阳][太阳]emmmmm想要资源！,<大黄狗今天锻炼了吗>: 回复 @甜文少女 :emmmmm有没有资源呀[摊手][二哈][二哈]]
6077588122	#网文回忆杀# 如果要你从看过的小说里选一个当男朋友，你会选谁？ ​​​	[<楚a路o航a非o>: 回复 @政治家哈哈 :楚路楚路楚路楚路楚路楚路楚路楚路楚路,<最冷的骨头>: 回复 @美好的昨天200612 :蜜汁炖鱿鱼,<鹿老师的初见姑娘>: 回复 @忽闪越来悦喜欢薄荷 :算了还是楚世修吧,<i野鬼暗香>: 回复 @王阿七yy :夏至未至--郭敬明,<赵镜澄露>: 步霄 温少远 张梓游 程惜 毕延京 宋卓希 …………太他妈多了woc还有好多想不起来了,<赵镜澄露>: Woc！！！这必须 严倾！！！,<NNN_kiki>: 回复 @忽闪越来悦喜欢薄荷 :一开始就站错cp让我如何看完,<沈酷酷O3O>: 江载初 顾西凉 楚子航 林屿森 东华 慕言 余淮 凉生 乔墨青 秦漠 应寒时 何以琛 封腾 李渊 谢皖江[污],<崔值钱的九亿少女>: 回复 @ShirleywangZME :对的！！！南大把他写死了[允悲],<ShirleywangZME>: 回复 @嘻嘻嘿嘿哈哈呵呵ZZ :我。。。。徐司白,<ShirleywangZME>: 回复 @崔值钱的九亿少女 :我超喜欢源稚生,<我就是南墙>: 回复 @HunHannim :对啊对啊看一圈都没看见我迷大[允悲][允悲][允悲],<我就是南墙>: 顾谒迷顾谒迷顾谒迷,<sweet罐7>: 回复 @蛐蛐的暮邪 :弱弱问句在哪看[允悲],<美好的昨天200612>: 回复 @砂糖_糖 :笔芯,<FAIRY木鱼3v>: 回复 @名侦探柯西西 :蜜汁炖鱿鱼墨宝非宝很好看,<景日羡>: 回复 @伊吖妹 :哈哈纨绔世子妃是我最喜欢bg文,<伊吖妹>: 回复 @景日羡 :中了容景，云锦的毒，虽然看了很多小说，但最爱的还是纨绔世子妃和妾本惊华,<伊吖妹>: 回复 @淡屿行云_ :姜生若不要程天佑的话，我也可以帮她收了,<景日羡>: 回复 @伊吖妹 :哈哈抱抱你,<伊吖妹>: 回复 @景日羡 :我翻了半天终于有说容景的。。感动,<FreiheitOcean>: 回复 @蛐蛐的暮邪 :为我诚哥疯狂打call！！！！我的择偶标准就这么定下来了！！社会我诚哥，人帅骚话多！！！,<伊吖妹>: 毫无意外是容景！！,<砂糖_糖>: 回复 @美好的昨天200612 :已经私你啦~,<夕口口不是二二狗狗>: 我虽然评论晚了，但是没人喜欢柳啸龙和陆天豪吗？？？？？[悲伤],<cherry_ccs>: 莫男爵   莫南爵   莫南爵,<夕口口不是二二狗狗>: 回复 @忽闪越来悦喜欢薄荷 :喜欢到哭！！！！！,<-风眠->: 回复 @名侦探柯西西 :gun神,<-风眠->: 回复 @名侦探柯西西 :蜜汁炖鱿鱼啊啊啊,<是吴呜呜呀丷>: 江寒啊啊[泪][泪],<是吴呜呜呀丷>: 回复 @淡屿行云_ :抱走,<是吴呜呜呀丷>: 没有人知道程天佑吗,<五五六六贤>: 回复 @妖目安凉 :哈哈哈一堆战队打野都行啊,<鹿廿久>: 我不管！！我我要张佳乐！！！！,<美好的昨天200612>: 回复 @最冷的骨头 :这是什么书啊。,<美好的昨天200612>: 回复 @砂糖_糖 :这本小说在那一本书上能看啊？,<狐狸and蛐蛐>: 回复 @你好魏晨晨晨晨晨 :为头牌大人打call！！！！,<你好魏晨晨晨晨晨>: 回复 @Fox家的小狐狸 :噢噢噢噢噢噢噢，找到组织了，我也超喜欢头牌大人啊啊啊！！！,<你好魏晨晨晨晨晨>: 回复 @淡屿行云_ :既然你们都在抢程天佑，那我就把江寒勉强抱走吧,<二蛋君啊>: 回复 @我在闹_他在笑77 :终于看到了[泪][泪],<感嘆宇智波讚頌宇智波>: 回复 @过气的小公举 :其實這是翻拍日漫的，而且就是以作者為原形的故事，後來作者癌症去世她丈夫還有出來講話,<青光剑剑主跳跳>: 回复 @Cherry味的馅儿 :大队长啊哎哟这个温暖的男孩真的太好了[互粉],<青光剑剑主跳跳>: 回复 @_YUYANPENG :老大是真的疼小白公主[二哈]十一给小白生了个儿子哈哈哈哈    墨家的老大和无双这孩子真的让人心疼，尤其是无双,<带大哥虎牙晒太阳>: 回复 @名侦探柯西西 :我gun神！！苏炸了,<软软_w>: 阿太！！对不起！我最近疯狂迷恋阿太！,<梦里梦外梦不出你的梦i>: 李承鄞[允悲][允悲][允悲][允悲],<宇哥我男神呀>: 回复 @忽闪越来悦喜欢薄荷 :特意为我厉总跑过来赞一下？[摊手]劳资这么多年的少女心呀[二哈],<八一八辣个误我青春的唐贱人>: 虽然我很想说蓝忘机，但我这么做是拆了我的本命，所以我选聂明玦[笑而不语],<叫窝茶茶子>: 回复 @暮邪-0716小曲儿生日快乐 : @八一八辣个误我青春的唐贱人  [坏笑],<眠酒酒>: 回复 @花辞夏 :文笔的确不咋地，还一直强调女主的皇后光芒威慑众人，但男主人设真的是非常讨少女喜欢,<露子Fairy>: 回复 @金炅吟 :“12年，够吗”妈的苏死人了,<栖迟少女>: 叶修啊！！我叶实在太温柔太苏了！,<是草莓啊_>: 回复 @混合辣椒酱 :是什么书啊,<福尔摩三_>: 回复 @一只肖傲娇 :他知道风从哪个方向来,<福尔摩三_>: 回复 @木头与马尾-Z :哦那个野男人！！！！,<南谷_Nate>: 回复 @路套社 :吴邪还有15秒到达战场[doge]]
6077588122	这是一条好看的职场言情小说合集。 ​​​	[<咚小唛>: 回复 @甜文少女 :这个！！强推！！！超好看！！！！,<大婷智商辅导员>: 回复 @甜文少女 :然而要被拍成电视剧了🙄🙄🙄,<水镜神相_>: 回复 @甜文少女 :虐,<杨惠茹是枚小仙女>: 回复 @甜文少女 :挺好看的啊[摊手],<抄手配榴莲>: 回复 @甜文少女 :累了，不想再看第二遍了[拜拜][允悲][允悲],<买买买的小w>: 回复 @甜文少女 :这部其实特别心疼女主，怎么说呢，她就是一个从底层不断奋斗，性格也很好的很正直的一个人，但是当她辛辛苦苦给男主拉来赞助，却看到男主和家财万贯的女配亲吻的时候，我觉得她内心不仅有被背叛的崩溃，还有怎么都挣脱不了阶层命运的崩溃，当然，最重要的是男主的无动于衷让她觉得自己是个傻子,<肥而不腻呵呵呵>: 回复 @淡定的宇宙使者- :我记得看的那年我初二还是初三，哭了一晚上,<买美牙仪的女装店主>: 回复 @方木木的小仙女 :笑了,<甜肉宝>: @Silver小师妹   ！！！这个号必须关注！！！,<Victoria一颗梧桐>: 回复 @甜文少女 :这个作者的那本浮生寄流年好看！！！,<王王王涵琦>: 有谁知道这本书叫啥名字么 也是职场的 忘记叫啥了想也想不起来  女主是公司财务总监吧 俩男主 有双结局的 一个男的是和女主是同公司一个部门经理 另一个男主是另外一个公司总裁 有知道的么 很好看 就是无三观...,<王王王涵琦>: 回复 @想铉 :这是啥梗啊 不懂 还去搜文了 [允悲],<WEI小楚哥哥>: 回复 @ShiiiuZhaooo :不虐，特别好看！！！！,<一颗流黄儿蛋>: 回复 @7osie :曾经当肉文看，后来长了见识后。。。。,<懵懵懂懂小清新201701>: 回复 @甜文少女 :终于有看到的书是我看过的[允悲],<我今天戒烟了吗>: 回复 @弋戈傻傻分不清 :第二部男主也没挂啊 俩人都有儿子了,<烟雨倾城的海角>: 回复 @甜文少女 :跳着看的，说实话不太懂作者的脑回路，到底想表达什么,<青肆皖>: 回复 @YoungKa- :我。。。我初中看的和那个初恋在一起的。气死我了。。（´Д`）然后现在我都读大学了。。特么居然是多结局的(#‵′)靠白伤心了,<toma栗子酱>: 回复 @甜文少女 :🙃当年看完小说结局差点把电脑砸了,<Charchou>: 回复 @Cyeoli :发个书名？,<宋蕾西小姐>: 回复 @万半仙算命超准ahhhh :[允悲]一整看他们对话的时候就不知道谁说的是哪句话了,<Shiyier11>: 回复 @甜文少女 :丁墨的最喜欢这本 还是喜欢小虐文吧,<什么时候带我去你家>: 回复 @xqhandsome :你给我推过好多次,<xqhandsome>: 回复 @甜文少女 : @什么时候带我去你家   这个,<不吃裤子不睡觉>: 回复 @想铉 : @xqhandsome,<李木吉木更>: 回复 @甜文少女 : @Archered,<傲娇大二货>: 回复 @甜文少女 :别拍电视剧呀,<琉璃往璠>: 《曾有一个人爱我如生命》,<青峰君和我>: 回复 @弋戈傻傻分不清 :哈哈哈哈哈我也是，好几次去看都没看下去,<宋蕾西小姐>: 回复 @甜文少女 :小美，你真好,<naerti33>: 回复 @My普罗瓦斯 :搞错了是路从今夜白,<抵触Jude>: 所以来早了到底有没有[笑cry][允悲],<一层薄痂>: 骄阳似我啊啊啊啊啊！,<覃栉羽>: 《微雨红尘》吧，以前看的，好看，推,<一位在努力减肥的小仙女>: 回复 @甜文少女 :看的有点压抑，但真的好看，李峋一辈子太不容易了，还好他最后成功了,<万半仙算命超准ahhhh>: 回复 @甜文少女 :第一人称气哭[允悲],<离家出走的仙女>: 回复 @ShiiiuZhaooo :甜掉牙,<大只橙啊>: 回复 @甜文少女 :这本书告诉我们炮友也是有爱的[喵喵][喵喵][喵喵][二哈][二哈][二哈],<海棠自成席>: 回复 @甜文少女 :因为你是我走到地尽头也想回来的地方去看了这本书，觉得莫名其妙，男主喜欢女主的时候女主突然消失，男主就勾搭女主，在女主喜欢他的时候全部报复给她，就算扯平了？？？[作揖]脑回路清奇,<幽幽太阳香08376>: 喜欢居尼尔斯的，葡萄成熟时！文笔清新，少女心满满的文！,<是个仙女啊>: 回复 @addictionor :哈哈哈哈哈哈哈哈哈国旗下[允悲]好有画面感,<阐明>: 回复 @甜文少女 :好看！！！！,<一只大象宝宝>: 回复 @想吃好多顿饭 :有三个结局的，你可以看跟陆在一起的那个结局，我可喜欢了。,<addictionor>: 回复 @是个仙女啊 :精辟！读高中的时候推荐给室友看，后来听说要拍成电视剧我们两人在国旗下讲话时间都忍不住惊呼：天哪，这个怎么拍得出来,<一如期待>: 回复 @削支铅笔给洁洁 :请楼主下笔吧,<一如期待>: 回复 @想铉 :真的信了的我 好心累,<好难瘦zz>: 我看过那么多小说，然而小说名字里面的主人公名字一个也没记住[拜拜]看到一个百度下一部，看两页后发现全看过。我这个记性也是服,<虽迟_未晚>: 回复 @甜文少女 :额。。根本看不进去。。,<蓝色奶酥>: 回复 @甜文少女 :难看，不知道怎么就经典了…,<kirarin---->: 回复 @甜文少女 :呵呵(^_^),<windyhelen>: 回复 @甜文少女 :不知道为什么，不喜欢程家阳。可能是因为我又感情洁癖吧，不能接受爱的是一个人却跟另一个人在一起,<龙tory初心本命>: 回复 @一见艾斯误终身 :不敢那样拍啊？,<naranja_amarga>: 回复 @Secretbase12 :哈哈哈哈哈哈哈水土不服就服你,<王能能能能能能能>: 回复 @闲时有狐 :抓到你熬夜逛微博[傻笑],<闲时有狐>: @王能能能能能能能,<手剥碧根果少女>: 没有真爱是一种悲伤,<从那以后AA>: 回复 @昕鱼小丸子 :女王的小鲜肉]
6077588122	你看过的小说里，有没有哪句情话（骚话）最打动你？ ​​​	[<小皇冠ya>: 我一向是最忌讳玩文字游戏的，但“晚安”这两个字是我爱你爱你。我每说一次就忐忑一次，唯恐你知道，也怕你不知道。,<W小娜呀>: 有人看过  凉风有信 么，真的超好看[心],<人潮初遇>: 我终于成了万种瞩目的帝王，却再无人唤我一声冬郎。     --大唐后妃传之珍珠传奇,<月半o3o>: 在哪都能看到我诚哥[doge][doge],<一瓶柚子味酸奶>: 社会我诚哥，人帅骚话多,<看看我ID>: 你特别好，我喜欢你,<ccccccc206>: 回复 @我就是闹心__ :十年一品温如言 大爱,<暮紫日寒>: 天天就是天天[doge],<無縛無束>: 我的女孩 愿你一生喜乐平安 这是孙嘉遇最后能留给玫玫的全部啊 心都碎了,<沐牵伊>: 容垣，我说过的，你死了我就来陪你,<很酷的仙女糖>: 耿耿，我们一直做同桌吧,<落跑仙子>: @FuckYEAH-,<电竞百灵鸟>: 回复 @一六一十酒 :谢谢谢谢,<一六一十酒>: 回复 @电竞百灵鸟 :你微笑时很美,<最可爱李思睿>: 为什么没有人评论梁飞凡！,<最可爱李思睿>: 那个评论总裁说“我惯的 有意见么”的那本小说叫《盛开》 超好看,<嗯没有微博>: 你，是我的选择，是好，是坏，我都担着。,<电竞百灵鸟>: 回复 @一六一十酒 :这到底是什么小说呀,<雪清wuuu>: 社会我诚哥：  http://t.cn/RKcgXbk,<小鱼干berber>: 回复 @口天飞木几- :结局 [泪],<央9央9>: 既然天地不仁，我便逆了这天地又何妨,<文家橙子>: 我爱你，这就是我们之间最大的门当户对！[心]天佑啊。,<季十安>: 回复 @JJJMMMKKK :晋江啊,<季十安>: 回复 @有猫饼嘻 :重生之将门毒后,<V夏九九>: 我终于失去了你[伤心],<V夏九九>: "从今以后，我们只有死别，没有生离"[泪],<请问茶蛋今天回归了吗>: 白子画……balabala……你我师徒恩断义绝 中间忘了不怪我[摊手],<凛_A眸_>: 倘若我与她同岁又或者我比她早几年出生，我定不会让她爱上别人。 ───靳诸佑,<-吃菠菜->: “你还那么年轻，却已经给了我一个最宝贵的十年，我思前想后，只有用往后的几十年来作为交换。”[心]——《我在时光深处等你》,<棠溪三卧>: “我杀人，一颗子弹打爆一颗人头！血喷出来我就想到你，想到你的脸，你的身体，想的我个大雕要爆炸——”陆显翻过身，高大身躯挡住月光倾泻，成为一道影，全然将她笼罩，他认认真真说着限制级语言，“温玉，怎么解决？都是你的错。”,<VVVVamos>: @Nothing-goeswrong,<杨可楽>: 回复 @小小小酥薛 :你微笑时很美,<IceCold_X>: 甭跟我客气，以身相许就行。,<李姗耶_>: 社会我辞哥 人帅骚话多,<墨亦辰yy>: 回复 @我就是闹心__ :十年，那部分超级感人,<红鲤鱼鱼与绿鲤鱼与驴>: 就算她想要太阳，我也不能嫌烫手是不。[污][污]大写的苏！,<Katie冰糖小欣欣>: 她的如愿以偿 是他的梦想成真,<BreezeR-Huang>: 回复 @九妄十言i :男adc女中单,<小俊勉>: 社会我诚哥，人冷骚话多,<月之慰>: 世界上最远的距离不是生与死，而是我站在你面前，你却不知道我爱你。,<岁慕那个天寒了>: 上古，我是白玦。,<九妄十言i>: 回复 @小小小酥薛 :女主角都是adc的,<九妄十言i>: 回复 @瘾君子Ronin :男主角陆思诚,<Whisky_J_Silver>: 婚姻是爱情的坟墓？咱俩早晚一个坟！,<小Yin雪er>: 回复 @_凌晨四点的温哥华 :哈哈哈 ok,<_凌晨四点的温哥华>: @小Yin雪er  望惠存,<纯天然的鱼骨酱XD>: 回复 @不为人知的凉师傅 :66666,<劉菱菱penny>: 回覆 @XXXGDBB-G :恩恩,<迷你麒g_>: “如果那天你对我开枪 我到死都相信那只是擦枪走火”墨小白对墨遥说的 好像是这么说的,<RuiSoSoXiDouXiLaSo>: 回复 @李钟硕本人 :哈哈哈哈我也是！根本看不了其他书 推荐一个差不多的 他和她的猫 还行吧 当然没有诚哥棒！,<佳莹大可爱_>: 回复 @你的眼眸像星辰_ :求资源,<励志做总攻_>: 晚点遇见你，余生都是你。,<Mrssong1993>: 我辞哥 我燃哥都去哪里辣。还有我在在辣 我让让辣。,<一只独行的黑猫>: 回复 @侬本莲花 :呵呵，证据呢，凭什么说抄的,<一只独行的黑猫>: 回复 @温酒剑上浇透 :有没证据，乱说话]
6077588122	整理了一些或萌或开脑洞的短篇小说合集（大部分是万字以内）。 ​​​	[<是小娇啦>: 回复 @甜文少女 :哈哈哈哈哈果子突然炸毛,<植成此乔可参天>: 回复 @何以琛着腰了 :是的！但是编剧也是副业啦[嘻嘻],<躲鱼JOIE>: 回复 @一万个小竹竹 :哭了,<何以琛着腰了>: 回复 @植成此乔可参天 :墨宝非宝现在主要是当编剧吧hhh,<艾婉呀>: 回复 @甜文少女 :甜到齁嗓子,<vincent_-__->: 你们可以去豆豆小说阅读网，全是这种短片小说,<花花花花花花啊花花>: 回复 @温玖黎 :在仙度瑞拉上看到的 可惜作者现在绝笔了,<那是一枝花呀>: @_YDai    @饭饭饭玄玄啊,<桃子屁屁prprpr>: 回复 @安妮和海 :收下了[作揖],<安妮和海>: 回复 @二帆哒 :推荐《姽婳之影》（音同鬼画），希望你会喜欢[眨眼],<安妮和海>: 回复 @桃子屁屁prprpr :有个短篇合集，《姽婳之影》挺不错的[允悲]音同（鬼画）,<ininlin>: 回复 @暗夜一烛-- :就是博主在推荐新文 太早来了什么书都没收到 所以就叫《来早了》哈哈哈哈哈,<暗夜一烛-->: 回复 @ininlin :[笑cry][笑cry]这是什么新梗吗[闭嘴][闭嘴][闭嘴],<冰镇长生瓜>: 你们都在哪里看的啊。。[傻眼],<李木吉木更>: 回复 @甜文少女 :马,<ininlin>: 回复 @暗夜一烛-- :哈哈哈哈哈哈你是认真的吗,<暗夜一烛-->: 回复 @ininlin :请问是哪个作者？,<djdjdidj>: 回复 @温玖黎 :天啊我看了另外一个作者写的也写的极好关键是没有完结。。。。。。。,<Listengunn>: 肥花的爱 暗恋文，是个开放性结局,<元宵十三公子>: @清风味的元宵yzy,<re滥情少女>: 回复 @熊本熊在哪 :是喜剧啊,<沙金金>: 回复 @甜文少女 :帅气 干脆 爽,<钢铁侠露露露兽>: 回复 @甜文少女 :大家都是用什么读书软件的 求推荐,<赵昕苒>: 回复 @甜文少女 :好神奇的,<aaa雯酱>: 推一个很冷的，依存免疫变态，和恋爱耐受不良,<zlygpxsklwmszyqd>: 《你是我的独家记忆》《我和你的笑忘书》《那些生命中温暖而美好的事情》这三个短篇合集，看的是肝肠寸断啊。。。,<大老虎可以一下>: 回复 @甜文少女 : @鹿小七-7,<韩J希不吃范>: 种田文 也不算种田 就是男主比女主大很多岁 男主脸上还有道疤 去女主家提亲是女主第一次见 后天特别甜特别宠 结局是女主男主很老了 女主还给男主做衣服 很多孩子的那个叫什么 跪求！！！,<归与黎宁>: 这个我一定要评论一下。。池袋最强。。。这个作者的耽美作品简直就是我心里的第一。。,<木子之森>: 回复 @甜文少女 :漫画两不疑，也是有他的，好看~不过没完结，目前也没有小说,<Booifvqan>: 回复 @甜文少女 :哈哈哈,<Booifvqan>: 回复 @甜文少女 :[doge],<娜米还是纳米>: 回复 @叫我Sinyo啦 :捉到一个勇蜜[doge],<碎碎念的一只喵>: 回复 @不期闲池 :好[好喜欢]马上去搜,<不期闲池>: 回复 @碎碎念的一只喵 :你可以搜搜作者：原非西风笑。很好看，挺长的，不会很脑残♡,<悄咪咪的吧唧鹿>: 回复 @甜文少女 :下面评论大多都是lwjj的哈哈哈[羞嗒嗒][羞嗒嗒][羞嗒嗒],<梦中游走走走>: 回复 @甜文少女 :大大的文都好好看 [爱心],<甜美系同学>: 回复 @EhooChan :我是最慢的女人[并不简单],<EhooChan>: 回复 @甜美系同学 :厉害了我的中,<甜美系同学>: 回复 @EhooChan :才发现你艾特我[允悲],<鹿麻酱>: @crystal米可可,<大爱我薛ye>: 回复 @杨歪歪不歪z :不用蟹[大笑],<安妮和海>: 回复 @Hogar-Kakuna-matata :哈哈，都是我。谢谢你的鼓励，比心[心][眨眼],<Hogar-Kakuna-matata>: 回复 @安妮和海 :刚刚搜来看完了，作者是JINSE 还有一个是安妮和海。文是一样的，只是作者姓名不一样。很好看，如果作者是你的话希望你能继续写下去，文笔也挺好的。加油,<Blush-Lu>: 回复 @甜文少女 :好看哈哈哈,<Hogar-Kakuna-matata>: 回复 @你吃不吃蛋挞呀 :花了几分钟看完了。然后去搜了《盛世回首》来听。这是我目前唯一看过两个主角都不知姓名的小说，两个都已经死了。有点小忧伤,<康娜酱喜欢森林>: 回复 @甜文少女 :太短了吧！,<杨歪歪不歪z>: 回复 @大爱我薛ye :谢谢你,<大爱我薛ye>: 回复 @杨歪歪不歪z :软件   喜马拉雅FM  上面有,<鹿呦呦Fay>: @阿房的猫    @血淋淋哒神小貂   你俩会不会喜欢这种类型的[允悲][允悲][允悲],<杨歪歪不歪z>: 回复 @大爱我薛ye :哪里找的广播剧呀！,<是酱紫哦>: 回复 @唛豆寳_2moons :很甜？那为啥要哭,<被上锅的剁椒鱼头>: 我觉得这个直接写吕天逸就行了。,<晣眇>: 晋江作者龙眼写的大多数都是短篇，十章左右吧，而且有肉有料,<情不鍀语>: 回复 @涵晴一笙 :哈哈[开心]]
6077588122	盘点那些好看的禁欲系男主小说合集。 ​​​	[<MQifang>: 回复 @甜文少女 :我好喜欢淳于临啊啊啊啊啊 死贱女n号巨无语她,<我贼喜欢>: 回复 @小er迷妹aaa :百度搜：欢喜债txt微盘就出来了可以下载,<小er迷妹aaa>: 回复 @我贼喜欢 :有链接嘛老铁[喵喵][喵喵],<小er迷妹aaa>: 回复 @甜文少女 :有没有网盘或者百度云阿[允悲][允悲][泪],<张学友的老婆>: 回复 @甜文少女 :有没有跟这个类似的小说？,<7岁要吃糖>: 回复 @甜文少女 :超甜的啊 一口气看完,<YuKi_891106>: 回复 @甜文少女 :这部我超喜欢男1，男2。但是！那个什么晋江系统太跳戏。女2什么妖娆什么的逢写她我就跳过……她怎么不去死啊………,<看看我ID>: 回复 @甜文少女 :禁欲哈哈哈哈爱,<于溫暖乄>: 回复 @安__熠 :同意，温度好看,<于溫暖乄>: 回复 @甜文少女 :这个确实很好看，不过我自觉带入的女主是热巴，男主是霍建华,<汪汪汪钵仔糕>: 回复 @SUSUSUs1122 :唐之夭夭，讲高阳公主和辨机的草鸡好看,<方博儿最可爱>: 回复 @金鱼叮叮当 :你不是一个人！！！我也喜欢这一对！,<怎么做都不对>: 回复 @怎么做都不对 :另外必须说下《枕上书》里的东华，是禁欲系的鼻祖不[嘻嘻][嘻嘻][嘻嘻],<鱼在锅里煎糊了>: 回复 @怎么做都不对 :好的,<怎么做都不对>: 回复 @鱼在锅里煎糊了 :灯，小八老爷的，很短,<怎么做都不对>: 为什么没人安利木浮生的《良言写意》，安利安利强烈安利，[可爱][可爱] 厉择良，永远的男神啊！十年的网文经历担保,<--阿桃呐>: 回复 @甜文少女 :我觉得吧 女主是说不要把用角色扮演治病的事和熟悉的人说（虽然霍先生没有熟悉的人吧……）而在网上大家只会认为是夫妻间的小情趣咯 而且崔先生蔫坏儿的性格我给爆个灯！不接受反驳 小果冻也十分聪明了！强烈安利[哆啦A梦开心],<甜西F>: 回复 @甜文少女 :为忘羡爆灯啊啊啊！！！,<丢了的耶>: 回复 @甜文少女 :男主竟然和小保姆那个 说实话我觉得好恶心,<小型甜甜>: 回复 @一个哈密桃儿 :谢谢哈[作揖],<一个哈密桃儿>: 回复 @小型甜甜 :作者名叫:机智的层主,<小型甜甜>: 回复 @一个哈密桃儿 :来早了是哪个作者的小说 阔以问一下吗 [作揖],<羡羡家的陈情i>: 回复 @甜文少女 :默默把夸魔道的都点了个赞…手都酸了…深藏功与名…[并不简单][并不简单][并不简单][并不简单],<安哆来咪>: 回复 @予烽 :本来准备……找的，难道没有？[允悲],<Akycedc>: 回复 @甜文少女 :马，这个需要再看一遍！！,<Sumika->: @Biubiubiu的蓝胖子    @ZhaZha楊   我的菜哈哈哈哼哼,<九哥pyy>: 桃妆呢，挺好看的，就是有点虐,<秦须臾>: 我的锦衣卫大人！,<阿meng的月亮>: 回复 @甜文少女 :这文好看！一度君华和匪我思存两位大大都是有名的虐文大大，你们还想甜的掉渣[喵喵][喵喵]，虐的时候是不是哽得难受，就这本神仙肉都是好的，你是没看其它的文，那叫一个be[二哈][二哈]（我也是被骗的[失望]）,<liilliilliililljil>: 回复 @甜文少女 :哈哈哈哈哈哈哈 翻你微博，男主x欲特别强你也推了魔道！wuli蓝二哥哥真是太可爱了，可禁欲可天天,<一颗大星猩呀>: 回复 @hellpo_ :[泪],<hellpo_>: 回复 @一颗大星猩呀 :别急 重在参与[doge],<一颗大星猩呀>: 回复 @甜文少女 :劝人学医，天打雷劈！！！,<一颗大星猩呀>: 回复 @hellpo_ :学姐[大哭] 求抱抱[大哭] 背影像要死了明天考[大哭] [大哭] [大哭] [大哭],<灵波灵卡瓦>: 回复 @或许你该起床了 :+11111111111111111111！,<Tattoo斯德>: 回复 @甜文少女 :禁欲系代表，不解释,<隐藏的内心dubai>: 龙非离，再生缘 我的温柔暴君,<水藻君么>: 回复 @甜文少女 :蓝二哥哥外表看起来是很禁欲的，没毛病[doge],<Huhu-sams>: 回复 @卡普DD :不……可是男主吸引人到爆,<听故事y>: 回复 @甜文少女 :后来谈恋爱很甜 男主时刻红耳朵,<片寄五月天>: 回复 @愿你此生和我渡 :这个是烟灰系,<斯斯凯>: 回复 @甜文少女 :劝我学医，天打雷劈[doge][doge][doge],<Lilian安安安>: 回复 @庞贝琼音 :或许你适合看一起来看流星雨。。。,<Lilian安安安>: 回复 @甜文少女 :超好看的,<風情50614>: 回复 @叫我于欧尼就好 :真。禁欲系列,<一坨水>: 回复 @甜文少女 :我觉得这个 特别好看啊,<Bleuet_>: 居然没有人推荐anan 的《白苏奇潭》？  只要提起禁欲系  第一反应就是这本,<看见大飞机>: 回复 @甜文少女 :勉勉强强快进看完,<程阿生的莫言亦寒季>: 回复 @叶不修o- :没有的，但是你看了第一部就会觉得哭死也要看第二部[允悲][允悲][允悲],<九妄十言i>: 回复 @甜文少女 :打打call！,<栩栩子莘>: 回复 @甜文少女 :去喜马拉雅FM听烟灰系广播剧 妈的超带感 跟看电视剧一样 等不及更新跑去看小说 前面超好 就是后面有点拖,<栩栩子莘>: 回复 @甜文少女 :我觉得烟灰系抄好看男主超酷女主超逗 可是清酒系看起来没啥感觉  感觉女主有点偏花瓶男主看起来有些幼稚,<狮子拿着的摩卡冰咖啡>: 回复 @艾莫如烟 :你们这些骗子，我还傻傻去搜了[允悲][允悲][允悲]好气呀,<洽洽Char>: 回复 @雪雪爱吃芒果 :笑佳人有一本专门写了这个梦，叫掌柜攻略,<BOMBOM-BA>: 回复 @甜文少女 :所以蓝忘机到底是什么小说[允悲],<叶不修o->: 回复 @帅阿生说莫言亦寒季 :那第二部不看有什么影响吗,<程阿生的莫言亦寒季>: 回复 @叶不修o- :除了薄靳言，也就是男主【并不】偶尔看起来很招打以外，真的超级甜，第一部不虐第二部虐到死[摊手][摊手],<_在下九歌i>: 回复 @蒋丞选手 :哈哈哈哈哈哈,<bighero的>: 回复 @三轮车美少女 :求资源[污]]
6077588122	这是一个经典好看的强攻弱受小说合集。 ​​​	[<范舒琪_>: 回复 @酒捞久 :话说那年看了一个甜文的帖子 有人强推穆然  依稀记得那个人是这么说的  这是一篇重生甜文还是穿越甜文来着   然后开头主角要死不死的 我一直以为等他死了故事才正式开始  然后我他妈的看了一大半  大半夜眼睛都哭肿了才觉得不对劲🙃,<炸子鸡琦啊啊啊>: 其实喜欢强攻强受,<可爱的晓西>: 回复 @BaekMelon :穆然,<_Btan>: 回复 @昭奚与鹿 :有没有肉！！！,<_Btan>: 回复 @甜文少女 :有肉吗！！！！,<又甜又野又奶又青>: 回复 @莲绛君 :[ok],<又甜又野又奶又青>: 回复 @爱张起灵爱我 :你还有这个资源吗？求一个[嘻嘻],<莲绛君>: 回复 @又甜又野又奶又青 :下面有啊，我忘了网盘密码，你自己往这层下面翻一下,<Adios969>: @你要不要去冰岛啊,<又甜又野又奶又青>: 回复 @莲绛君 :求个资源[好喜欢],<又甜又野又奶又青>: 回复 @刮风牌炸鸡 :求资源！！！！！,<龙苗条奶奶>: 回复 @昭奚与鹿 :作者是哪一位啊,<套套dls>: 回复 @甜文少女 :真的炒鸡好看，每周一刷的，越看越看的出受真的炒鸡聪明的,<是甜甜哦u>: 回复 @钟离qy :求资源,<阿九魔魔哒>: 求校园耽美宠文啊！！！,<困成熊猫-__>: 回复 @-久梦-79 :O(∩_∩)O谢谢,<-久梦-79>: 回复 @困成熊猫-__ :强攻弱受  推荐貌合神离 逸宁  心字成灰  有一本叫形影的特别好看 讲青梅竹马 破镜重圆的,<-久梦-79>: 回复 @他从火光中走来___ :谁有资源呀？？？,<你是我的开心果tian>: 回复 @甜文少女 :很甜、清水文！,<云潋若水>: 回复 @还有谁叫安小闹 :不是，我不懂bg分啥攻受啊，我一直默认攻受就是bl了[眼泪][眼泪]进来看见有人推bg我都蒙蔽了好吗,<闫铭->: 《不可抗力》蓝淋 霸道总裁与逆来顺受男仆 同名电影也超好看,<小襄侠>: 回复 @刮风牌炸鸡 :想要资源啊啊啊是不是来晚了[允悲],<深水浅眠>: 回复 @泛黄的大白白 :[doge][doge],<泛黄的大白白>: [doge] @深水浅眠  符合你现在的口味儿嘛,<我是你的影子呐>: 回复 @南柯一梦FX123 :[笑哈哈][笑哈哈],<南柯一梦FX123>: 回复 @我是你的影子呐 :谢谢啦[爱你],<我是你的影子呐>: 回复 @南柯一梦FX123 :想起我叫什么了吗 by漫漫何其多,<南柯一梦FX123>: 回复 @我是你的影子呐 :哪本？,<我是你的影子呐>: 回复 @甜文少女 :前几天刚看完 很喜欢！甜死,<善类良人>: 回复 @甜文少女 :看完想杀人系列[二哈],<洲喵喂鲸鱼喝的假酒>: 是时候推荐一波「难言之欲」  蓝淋所有基本都是强攻弱受设定吧,<翕习>: 肿么木有 冠盖满京华的《唇诺》，也不知道看过这本书的人有多少。。,<请问茶蛋今天回归了吗>: 《长生狱》这是肉文，女攻男受，我自己都没看完[允悲],<安吉莉娜权世界2004>: 回复 @甜文少女 :这个很虐吗,<_人比花娇er>: 回复 @Hoyo革命小号 :已经看了五遍了,<_人比花娇er>: 回复 @yz_黄景瑜的牛仔裤 :真的 看了不下十遍,<名字什么的不想取>: 回复 @甜文少女 :寒武再临真的好看！！！！,<染郁丶>: 爱后余生、二次标记、我就是这么苏、敢撩不敢当[doge],<柯迷123456>: 回复 @甜文少女 :超级好看呀,<柯迷123456>: 回复 @甜文少女 :好看好看,<耳东陳易燃>: 弱攻强受呢[doge][doge][doge],<我跳起来就是一个大摆锤锤死你>: 回复 @钟于你vip :攻故意撸了受的精液培育出来的仨孩子，大儿子长得超级像受，所以攻宠他，小儿子性格软音乐天赋高，所以受宠他……至于二儿子，两者都没有，所以没人宠他[微笑],<钟于你vip>: 回复 @我跳起来就是一个大摆锤锤死你 :受那么宠小儿子，小儿子还不站在受的一边哎，为什么不宠二儿子啊,<一只瘦鲨鱼>: 回复 @甜文少女 :真的太甜了！老夫的少女心啊[污][污][污][污],<可纸-Cathy>: 回复 @杜不齐 :[马头],<我跳起来就是一个大摆锤锤死你>: 回复 @钟于你vip :大儿子被攻假借出车祸弄死了，小儿子没出事，他会弹钢琴，受很宠他。不受宠的二儿子接手了攻的事业，一生保护受。,<钟于你vip>: 回复 @我跳起来就是一个大摆锤锤死你 :靠，生气。最后那两个儿子下场怎么样啊,<我跳起来就是一个大摆锤锤死你>: 回复 @钟于你vip :攻当然拒绝啊……那三个儿子就不受宠的二儿子三观还行，其他两个都认为受只是攻的玩物[微笑],<钟于你vip>: 回复 @我跳起来就是一个大摆锤锤死你 :儿子好恶心，不过攻态度拒绝的吧！,<__斯薇>: 回复 @楚翘w :[笑cry][笑cry][笑cry],<只爱斜帘帅哥2>: 回复 @甜文少女 :超级好看]
6077588122	你看过的小说里，有哪些很好听的名字。 ​​​	[<草莓牛奶大肥肠>: 回复 @网瘾少女和他的猫 :江晚吟是谁来着我咋又忘了[摊手],<Tel七号少年>: 龙夜爵，沈修瑾，韩七录，何苏叶,<软萌的小包子最可爱>: 回复 @白毛浮灰水 :刚刚看完啊！！甜死了！,<就是这家菇凉>: 顾平生[心][心]，胤泽，逸疏，苏摩，时影[心][心],<久怀先生>: 回复 @网瘾少女和他的猫 :舅妈前来表白舅舅,<不中二网瘾少女>: 华曦，华曦，光为华，日为曦,<小白就是陈遇白>: 陈遇白 陈孝正 程天佑 姚起云不过我最爱陈遇白[允悲][允悲],<与情欲哥哥>: 回复 @Katharine-na :君子有久思 情思慕白,<我的荣西顾>: 回复 @桃之夭夭之花 :组织[爱你],<万更生2000>: 沈梦沉。 三千里繁华一朝尽，诸国中烟花从此散，滟滟宫廷，沉沉如梦。 我唯一喜欢过的，小说男配。,<现在我们都是柿饼>: 大风刮过的作品里~差不多每个人物名字都挺好听吧，字也好听~[舔屏] 符卿书 苏衍之 云毓 柳桐倚 丹洙,<宇哥我男神呀>: 回复 @WithMINI :[摊手]我的厉大幼稚呀,<八达小伙子>: 回复 @桃咪_ :翻一圈发现没有薛成美哈哈哈哈哈哈哈哈哈哈哈哈哈哈哈哈哈哈哈哈哈哈哈哈哈哈哈哈哈哈哈,<喜欢赖冠霖啊>: 盛世顾阑珊♡ （字打没打对不清楚好几年前看的书了）,<三更鹿>: 回复 @樱花味的小果仙 :耶！,<樱花味的小果仙>: 回复 @刘昊然同款小虎牙 :[笑cry],<樱花味的小果仙>: 回复 @三更鹿 :在这居然看到我们果果了 为果果打call！！,<白璧微暇尚可恋>: 回复 @Oboe-- :你不是一个人,<我是一瓶爽歪歪>: 觉得江晚吟真的很好听[失望][失望],<KiyoTae_>: 回复 @酒酒酒酒洱 :[心],<是火锅味儿的小仙女啊>: 回复 @三更鹿 :长生读起来很好听,<CAPRICORN-KISS>: 回复 @我不是北斋 :嗯嗯，谢谢,<我不是北斋>: 回复 @CAPRICORN-KISS :嗯 搜名字 总裁的33日索情,<CAPRICORN-KISS>: 回复 @我不是北斋 :百度直接搜吗？,<Mapangmao>: 《你好，旧时光》林杨[心]余周周 《11处特工皇妃》楚乔[心] 《你是我的小确幸》温少卿[心]《只想和你好好的》乔裕[心]纪思旋,<请叫我-李大人>: 云轻鸿，孟西顾，陈遇白,<風熵>: 辜徐行辜江宁[心],<孤影爱我爱九居爱仟老丝>: 陆显  我大D哥！,<倦鸟残云>: 天真吴邪[心][心],<千万别停药>: 傅致一 [心]朝与暮,<阿木啊的非凡人生>: 回复 @桃咪_ :二哥哥[爱你],<khs_tb>: 乔裕，纪思璇，李舒白，黄梓瑕，程少臣，沈安若，陶骧，程静漪，萧靖西,<努力努力再努力的兴兴儿>: 江晚吟   蓝曦臣,<Maria桶子_玛丽玛丽亚>: 李微然 最爱的名字[心],<砂糖_糖>: 回复 @三更鹿 :果果,<砂糖_糖>: 回复 @花果山水帘洞正宫夫人 :我男神啊[心],<九妄十言i>: 叶修[悲伤][悲伤][悲伤][悲伤],<林书书_LSS>: 顾余生 秦芷爱[心],<林书书_LSS>: 陆思诚啊[鲜花],<Faded会幸福>: 陈长生  白落衡  徐有容   秋山君,<不想当树懒的波尔卡>: 无泯君  超逗的名字[doge],<anusa05981>: 回复 @渡边蛋黄卷 :闻舟渡我,<骆队的费事儿>: 回复 @九头身Goudan :叫我干嘛,<骆队的费事儿>: 回复 @渡边蛋黄卷 :叫我老公干嘛,<朱行健健健>: 不怕以后生小孩不会起名了[二哈],<酒奈同学>: 柳满坡起名一直很吊，阎澄，纪悄，姜甄，伍子旭，王郗塘，蒋声，罗域……,<落籍说>: 蓝思追 ，可念不可追,<末栀喂>: 回复 @你这猴头休得放肆 :[爱你]高山仰止，景行行止,<五月游泳的鱼>: @骆落最爱蓝胖子,<纶咩之峯-择其而伴>: 回复 @炸个圈 :我男神 嗯 同音 徐润钦,<筱妍f_d>: 回复 @芷忆经年 :有啊有啊！！！！应萌萌[害羞],<小俊勉>: 回复 @长醉铖 :安利！！]
6077588122	#网文回忆杀# 有哪些书你刷了N 遍都不腻？ ​​​	[<高啊高啊高乐高>: 回复 @Skylar_Hui :不玩游戏的人会不会看不懂[疑问],<wEndY_Yong>: 衣香鬓影系列三本！！最爱的书啊！！真的有事没事就翻出来看，看无数遍不嫌腻,<阿婆姑娘爱吃鸡>: 蜜汁炖鱿鱼 我的曼达林,<难以名状的称呼>: 回复 @哭泣的颖妹 :十四郎的跑跑江湖打打酱油！,<奶茶鸡蛋仔仔>: 回复 @Skylar_Hui : @荔枝阿_Boom-  我跟你讲，所有评论下面都有他，诚哥！！！,<叫窝茶茶子>: @八一八辣个误我青春的唐贱人  [doge],<Swangso>: 他知道风从哪个方向来   百刷不厌,<Swangso>: 回复 @王安石 :唯有你 我五体投地,<团妹5分冷>: 回复 @王安石 :系列文，讲述了书里李白杜甫和学生们的故事，强推,<十又八九分之一>: 有人看过爱如指尖沙么   真的很好看   10过去了  依旧忘不了,<狍狍seven>: 回复 @Beteady :不敢看第二遍，我心里想起来孙嘉遇就会难过,<啊啊啊啊啊啊璕>: 回复 @脱粉我就去死 : @顾小艾    @厉爵风   [污],<吴世勋的屌>: 回复 @姝姝hhh :花羡人间四丁目非常好看了,<這裡有一隻豬->: 回复 @晓晓晓小太阳 :至今未娶吧～ 不算孤独一生,<這裡有一隻豬->: 回复 @七夏姑凉 :超级无敌爱这两本,<扑通ata>: 夏有乔木雅望天堂 原来你还在这里,<Esme21>: 回复 @郝端端的云彩棉花糖 :对啊 大的小的都当过 好几年前的事情了 那时候太迷恋这部小说太想跟人分享了哈哈,<郝端端的云彩棉花糖>: 回复 @Esme21 :啊？你不会是小吧主吧>3<,<Esme21>: 回复 @郝端端的云彩棉花糖 :不得不说我也当过哈哈哈。。申请了好久最后很长时间没去就退了,<言溯与梁渠>: 回复 @网瘾少女注孤生 :是的，天下归元的帝王业和扶摇皇后都超好看,<TOTAOATOT>: 回复 @了域绿 :这个真的墙裂推荐，网文看了五六遍，实体书有时间就看，看一次哭一次，真的，太苦了,<喜欢哭的长颈鹿>: 回复 @Skylar_Hui :看不懂呀！,<京都土方味>:  《彪悍的人生不需要解释》 从心底里挚爱唐熠 初一就爱上了他 不明说 不挂口 心里一直有他  还有朝小诚的唐睿辰超级温柔！！,<HEPEILING->: 回复 @脱粉我就去死 :全世界最好的厉爵风啊 总裁文经典之作！,<琥珀核桃双皮奶qvq>: 回复 @了域绿 :+1[心],<文家橙子>: 凉生，我们可不可以不忧伤。[心],<最可爱的小雅心-yx>: 回复 @黑羽快鬥的青梅竹馬誒 :有一点   不过  很好看！！！,<孜然味的鸡米花>: 回复 @罗雅心是Amiu的小可爱丶 :虐不虐…,<4橙夏>: 知否知否应是绿肥红瘦,<胡说八道小羊子>: 回复 @头像是本命啊喂-KiAile :太好看了，感觉看完了这本，其他宅斗文都显的low爆了[笑cry][笑cry][笑cry],<弓长佳丽>: 回复 @leila_女王 :自己搜啊,<何处不非欢>: 回复 @何处不非欢 :都是古风文。真的特别好。让你在看的时候捧腹大笑同时还能心酸泪目。震撼。最好的作者，没有之一,<何处不非欢>: 天下归元的小说系列，扶摇皇后。千金笑，现在都翻拍成电视剧了。杨坤。倪妮。还有杨幂，阵容强大。非常棒。已经迷她很久了。所有的小说都很好。特别棒文笔强大，内容充实。,<leila_女王>: 回复 @弓长佳丽 :有古代的没,<了域绿>: 回复 @Aninitd :...从言希陪温衡去乌镇开始看？或者温衡住进言希家？,<弓长佳丽>: @leila_女王  关注她啊，各种小说推荐,<橙子是甜的不是酸的_cc>: 回复 @了域绿 :我也是啊，手机上看了7，8遍，每一遍都哭的欲生欲死，然后买了实体书也哭的不行,<九九六六末>: 回复 @Skylar_Hui :强推啊强推！！！,<九九六六末>: 回复 @Skylar_Hui :因为这个开始我一个不打游戏的竟然关注了电竞   到现还没出来  然而之后我打的是dota2[笑cry][笑cry][笑cry],<维生素E非常酸>: 回复 @Skylar_Hui :这个书有肉吗[嘘],<喜欢张艺兴会变傻>: 那些回不去的年少时光,<杰伦的伞>: 回复 @七夏姑凉 :终于看到今夜离港！！,<珺珺jun__>: 俊男坊 与君aa 夫君太坏谁的错 总裁的女人 总裁的失心新娘 请君入瓮 坐享八夫 夜倾尘 都没人看过吗？？？！！！,<西籽子>: 回复 @了域绿 :最喜欢的言情书！！！,<了域绿>: 回复 @陈凯歌的儿媳妇 :不用告诉我谢谢[困],<陈凯歌的儿媳妇>: 回复 @了域绿 :看了一遍就再不想看,<鹿晗出轨对象>: 墨宝非宝的很想很想你，很喜欢我们莫青成和顾声，一篇声控绝对不要错过的文。,<YAN-118>: 回复 @可爱啊可爱- :男主没死 作者的另外一本小说里有提到 在一起啦,<躲风的少年>: 回复 @Beteady :看一次哭一次，我的言情小说不少，但是我唯一会留下来的就是这一本。很久没翻过他了，不敢看，怕自己承受不住[皱眉],<没有加特林的社会王>: 后来我们都哭了🙃]
6077588122	说说那些值得一看的女尊文小说合集。 ​​​	[<呵呵两声zi出口>: 回复 @甜文少女 :看的第一本np,<子夜吴歌Adele>: 回复 @我就是想叫西柚 :我想打你们啊啊啊啊啊啊啊啊啊,<裴裴会更好>: 女尊没人推青墨烟水的书？？？？,<可爱到爆炸的大坏蛋>: 回复 @代小喵的猫大然 :[好],<今天做动画了吗>: 回复 @一勺拌饭酱 :可是没完结啊，超级喜欢,<L-静路路>: 回复 @小政委70907 :谢谢[爱你],<小政委70907>: 回复 @L-静路路 :女尊天下:绯色江山美男,<笔屎小花>: 回复 @悠莉葉酱 :[憧憬]有没有色遍天下啊,<绿色心情已被占用伐开心>: 回复 @笔屎小花 :没有欸  还是几年前看的了,<笔屎小花>: 回复 @绿色心情已被占用伐开心 :有网盘吗亲[悲伤],<讨饭婆2>: 小木匠的女尊生活，平淡温馨,<fuyao_beauty>: 回复 @甜文少女 :我就想问问，你们看小说都用什么软件～,<余dayday>: 回复 @甜文少女 : @小鸣w   我上次看的就是这个,<L-静路路>: 女主叫易水寒，女尊文，忘了书名了[允悲],<桃祾>: 回复 @笔屎小花 :在百度上可以看啊,<笔屎小花>: 回复 @桃祾 :好吧[悲伤]没事啦,<倾我所有护你余生>: 回复 @甜文少女 :这个印象超深，好看！,<Bumplone>: 回复 @大邱二叽花- :超级喜欢花蜘蛛[憧憬][憧憬][憧憬][爱你],<_沛宝>: 回复 @甜文少女 :哇哇哇  我的小薛采啊  哭唧唧,<桃祾>: 回复 @笔屎小花 :抱歉啦 当时是在百度直接看的 没有保存网盘[失望][失望][失望],<笔屎小花>: 回复 @桃祾 :亲  有网盘吗[憧憬]网上搜好久找不到,<笔屎小花>: 回复 @但求一睡甜酒果 :请问有网盘吗[羞嗒嗒],<偏执何轻狂>: 回复 @甜文少女 :其实严格来讲，这篇不算女尊,<老白的小小白>: 回复 @甜文少女 :求网盘啊 [泪][泪][泪],<哦哈哟哟切克闹>: 回复 @甜文少女 :这个真的回忆杀。。好久之前看的,<森晓芸慧子>: 回复 @甜文少女 :最爱红依暴龙[doge],<顾长倾->: 回复 @我就是想叫西柚 :看评论觉得很正经的一句话。一点进来，exm？这是一本书？有这本书？很好看的样子？[摊手]你们厉害了[doge],<江城第一名妓>: 回复 @下潜的MIUNI_ :赞扶摇。无极一生爱不解释。,<回收可爱男孩>: 回复 @甜文少女 :最最最喜欢的作者和作品，虽然没有结局依旧是最喜欢！,<兔子biu__>: 回复 @甜文少女 :[心]喜欢每个人的不同风格,<一个好人花>: 卧槽啊啊啊我这个超爱女尊的司机才发现甜文早就发了女尊文合集，超气气气气气气气气甜文我要把你设置成爱心关注[心][心][心][心],<孤桥寂>: 回复 @甜文少女 :我小学五六年级看的现在初中毕业了这是我看的第一本玄幻贼6,<奔向有你的星球>: 回复 @甜文少女 :最喜欢的！最！,<弃尘鞅>: 回复 @甜文少女 :一直觉得女主挺……渣。但是还是看了很多遍。做喜欢沄逸和夜,<用户5904409492>: 回复 @-山的那边海的那边有一只格格巫 :阅,<花栗鼠哞哞>: 《八夫临门》不错，《俊男坊，妖孽夫君滚滚来》超好看，肉也很多,<你是一条假咸鱼>: 夜郎自大！！！沈夜[心],<北旻__>: 回复 @甜文少女 :很好看,<0凉城0>: 回复 @咖啡杯里的茶r :《他与月光为邻》丁墨的，男主有条尾巴 超可爱,<c满堂>: 小木匠的女尊生活,<是杨小仙吖>: 表示推的文全都看过了[污][污]博主推荐点新文吧[污]书荒书荒,<o太阳娜o>: 博主推的都是女强吧，女尊是性别角色调换……,<是袁不是-圆>: 六夫皆妖，这篇也不错,<爱嚼石榴12345>: 再来一遍，太子by鹦鹉晒月，女主没有特别喜欢一个人，纯女尊，受不了这样的就，，，绕道吧,<爱嚼石榴12345>: 太子by鹦鹉晒月，，不好看我把我姓倒过来写,<lhsayhey>: 回复 @咖啡杯里的茶r :异能的我最喜欢《重生之天才神棍》，男女主都挺强的！,<wuliMicky呀>: 看来大家都没看过潇洒如风[笑而不语]我书荒时就会重温[doge]可好看了！！,<焱夜又见青>: 有看过夜郎自大的吗,<笔屎小花>: 回复 @甜文少女 :网上找不到网盘啊……谁有啊求私[羞嗒嗒][羞嗒嗒],<鹿盯盯快来保护小姐姐>: 回复 @甜文少女 :太多了。。第一部女尊文 挑个最喜欢的恐怕就是爹爹了吧,<元元元啊_>: 女帝本色  强推,<阿坑坑SAMA>: 妖娆召唤师真的没有人推吗？！这个我看看无数个日日夜夜的小玄幻女尊文！！,<十元里美要健美>: 回复 @甜文少女 :神作,<Evan_年niannomi>: 啊，你们有没有见过一篇文，女主穿越到女尊世界开后宫，后来她男朋友也穿越过来了，当然是选择原谅她，后宫里有只神兽还有条背鳍很敏感的人鱼[二哈]很早了，我第一篇女尊文，找不到了，求一下,<爱好奇思妙想的花小姐2>: 回复 @甜文少女 :女主被写死，又强行复活那一段实在接受不了，要不是主角光环开了外挂，这坑就填不了了！女尊国的女主好弱,<王妮可sway>: 回复 @正版人间_1031 :是新出的嘛。我知道莫惹是非的女尊文都很好看的,<正版人间>: 回复 @小野打酱油 :沧海拾珠一生推～,<正版人间>: 回复 @王妮可sway :莫惹是非大大的《沧海拾珠》也很好的[爱你]]
6077588122	整理了一些好看的师徒年下文小说合集。（师父比徒弟小） ​​​	[<妖怪小王爷>: 回复 @甜文少女 : @Summerandu-   看看这一层的戏精们[doge],<旧时不识人心36961>: 回复 @甜文少女 :复杂[放大镜],<张圈圈圈圈圆>: 回复 @甜文少女 :没人站柳跟沈的么🌝,<余dayday>: 回复 @甜文少女 : @小鸣w   哈哈哈哈哈,<可纸-Cathy>: 回复 @杜不齐 :[马头],<wprruby>: 安利我的徒弟又挂了,<阿亜呀>: 回复 @丝己耳娻冉光 :[允悲][允悲],<YangCcccccing>: 回复 @甜文少女 : @阿亜呀    @纪家有女名逍遥    @得瑟过劲必闪腰hoho   看评论，[允悲][允悲],<纪晚->: 回复 @甜文少女 :超级无敌好看！！！！,<姓仙单名一个女>: 回复 @甜文少女 :我信了你的邪[微笑],<一卦命山河>: 回复 @甜文少女 :超喜欢的好甜啊,<青柠檬薄荷叶>: 回复 @甜文少女 :炖枣记,<提米和囧尼>: @Territory77,<青翼之年>: 回复 @瑾晓颜 :哈哈哈哈哈哈哈哈哈哈哈哈哈哈什么玩意儿哈哈哈哈哈哈哈哈哈哈哈哈哈笑出猪叫哈哈哈哈哈哈哈哈哈哈哈,<coco长得丑要多读书>: 回复 @甜文少女 : @nnn草稿本子,<林下执灯>: 回复 @泽芜菌 :笑到头晕,<megalocerosgiganteus>: 回复 @泽芜菌 :哈哈哈哈哈哈哈没毛病,<盐系小男孩>: 回复 @甜文少女 :哈哈哈戏精 @megalocerosgiganteus    @林下执灯,<茶碗晚歌>: 回复 @甜文少女 :哈哈哈哈哈哈哈哈哈哈哈哈哈哈哈哈哈哈哈哈啊你们,<莫邪麻麻>: 回复 @甜文少女 : @莫邪粑粑,<单洪颖>: 回复 @cossperia :就是不记得书名了，女主好像叫凤赖邪吧，父女的设定太萌了,<cossperia>: 回复 @单洪颖 :还以为没人看过呢[太开心],<单洪颖>: 回复 @cossperia :看过！高中看的！好看！,<kekkeekekke>: 回复 @甜文少女 : @speechllless   5,<kekkeekekke>: 回复 @甜文少女 : @speechllless   4,<kekkeekekke>: 回复 @甜文少女 : @speechllless   3,<kekkeekekke>: 回复 @甜文少女 : @speechllless   2,<kekkeekekke>: 回复 @甜文少女 : @speechllless   1,<kekkeekekke>: @speechllless,<阿桥姑娘>: 回复 @甜文少女 :吓得我赶紧点进来看看是不是我认识的那个西游记,<你居然要跟我翻脸>: 回复 @蘑菇力死在拖延症星 :那我就不记得了,<白薠ing>: 回复 @你居然要跟我翻脸 :get√，我去看看，谢谢你[哈哈],<蘑菇力死在拖延症星>: 回复 @你居然要跟我翻脸 :不是这本呢～不是重生 女主好像姓林 是母亲去世了才被送去外婆家 一开头有点像林黛玉进贾府…后来好像成了王妃？和男主在结婚前在新年拜见皇后的时候见过一面,<你居然要跟我翻脸>: 回复 @白薠ing :清悠路？,<你居然要跟我翻脸>: 回复 @白薠ing :我觉得明兰传还是挺闲适的,<你居然要跟我翻脸>: 回复 @蘑菇力死在拖延症星 :重生之高门嫡女好像有表哥表妹的情节,<你居然要跟我翻脸>: 回复 @蘑菇力死在拖延症星 :你应该想起来一点关键剧情,<你居然要跟我翻脸>: 回复 @蘑菇力死在拖延症星 :养在祖母身边的姑娘太多了 最后生了儿子的也很多啊,<你居然要跟我翻脸>: 回复 @ZTTAO_ :百度云盘下,<你居然要跟我翻脸>: 回复 @刘备的孙大小姐 :重紫吧,<你居然要跟我翻脸>: 没有花千骨 重紫 销魂殿吗,<一只很丧的菇>: 回复 @甜文少女 :差点信了你们的邪[笑cry],<然然的小红帽>: 回复 @甜文少女 :哈哈哈，有毒[允悲],<孟姜-MJ>: 回复 @甜文少女 :你们是想笑死老子 好继承我的二十个僵尸粉吗[doge],<酒秦子>: 回复 @甜文少女 :我以为我点错微博了，一群戏精..,<Kingsmiley>: 回复 @毛鹅白 :有毒233,<毛鹅白>: 回复 @甜文少女 : @Kingsmiley,<齐一祁->: 回复 @甜文少女 :妈的被你们骗了[拜拜][拜拜][拜拜][拜拜],<她有一个道姑朋友>: 回复 @森林山兔子 :这个作者写的文都很好看 不过我给忘了看到你发的突然想起来了 再去看一遍 感谢呀[爱你],<顾淮轩>: 回复 @甜文少女 :你们认真的样子就像路边贴膜的[二哈],<年少要做个暖暖的小太阳>: 回复 @甜文少女 : @第十只橘喵喵,<善类良人>: 回复 @甜文少女 :这个好好看啊啊啊啊啊啊,<林家大喵>: 都是戏精？！修仙看到原博热门第一，笑到被窝抽搐(╯°□°）╯︵ ┻━┻,<无比纠结的周小姐>: @derSchwarzwald,<悦又悦同学>: 回复 @甜文少女 :哈哈哈哈哈哈哈哈哈哈哈]
6077588122	盘点那些高质量不狗血的校园文小说合集。 ​​​	[<呐给你一粒米>: 回复 @青宇叶DTX :哼哼哼╯^╰,<青宇叶DTX>: 回复 @呐给你一粒米 :小心我飞哥打你，毕竟混过社会[doge],<呐给你一粒米>: 回复 @青宇叶DTX :丞飞党一把推开你[doge],<呐给你一粒米>: 回复 @甜文少女 :推推推,<橙月酥>: 森永高中三年二组[微笑],<芒果味少女晶>: 回复 @甜文少女 :徐莫庭！！！,<呲个牙W>: 回复 @甜文少女 :最爱没有之一,<儇Tiffany>: 黄昏恋 高三的故事，很甜,<_Qhmush>: 回复 @甜文少女 :真的超好看啊！疯狂爆灯疯狂打call,<小小小兔人>: 回复 @甜文少女 :看了评论好想看！,<糯糯糯糯糯糯糯米团子>: 回复 @Kyuns :你们真特么的都是戏精[拜拜],<你的未婚妻翠花小小小哥哥>: 回复 @乃凡人也不求不燥 :对的,<带香味的旗袍>: 回复 @甜文少女 :谁有资源啊 求分享,<乃凡人也不求不燥>: 回复 @你的未婚妻翠花小小小哥哥 :是同性爱情吗,<加油你会继续丑下去>: 回复 @甜文少女 :给顾飞爆灯,<加油你会继续丑下去>: 回复 @甜文少女 :第一部追完了第二部看了开头[允悲]忒虐了看不下去,<以梦为鹿Lulu>: 回复 @甜文少女 :看完了，还好是完结了。我居然掉眼泪了。还好恶有恶报。陈让后面反差萌好大的，哈哈哈哈。[兔子],<刘日日小仙女_>: 回复 @甜文少女 :在总和让让~敲好看！,<春意阑杉>: 回复 @甜文少女 :……一群sb 万事胜意最开始是余周周的外婆跟周周说的 然后周周给林杨写小学同学录的时候给他写了这么一句万事胜意。后来耿耿找林杨八卦陈雪君和余淮 林杨就把这句话送耿耿了 跟什么狗p路星河什么关系也没有。,<春意阑杉>: 回复 @樱桃味的团砸_ :那个是李燃啊 就是这么多年里面陈见夏她对象（？）,<若愚de长乐未央>: 回复 @甜文少女 :这个是真的好看,<柒柒君->: 回复 @Kyuns :强推[心]   一群戏精[二哈],<Miiiiid>: 回复 @禾沐-L :不是哦 超级好看的 男主很保守[允悲],<hiyeyewei>: 回复 @甜文少女 :一中乱不乱 辞哥说了算 with my jj things,<ttTttong么么>: 回复 @甜文少女 :谢辞说 我喜欢帮人接温水,<枝七知期>: 回复 @甜文少女 :哇真的很甜很好看啦,<张Ruiny>: 回复 @白大石1111 :哈哈哈哈哈哈ball ball you,<白大石1111>: 回复 @张Ruiny :ball ball you [doge]笑死我了,<j_zgfgugc>: 回复 @甜文少女 :我还想他反攻来着,<林黛玉的同桌鲁智深88255>: 回复 @甜文少女 :在我心中这不是一本单纯的言情小说了，而是一本关于一个心思细腻的少女的成长之书，而言情部分只是这个少女青春构成的一部分,<宇宙无敌超级网骗南笑>: 回复 @甜文少女 :强推，真的喜欢。,<孙八三>: 你是不是喜欢我！,<Busion_>: 回复 @Kyuns :信了你们的邪  http://t.cn/RK6WMSn,<看你眼角眉梢>: 回复 @甜文少女 :不许推不许蜕  我要偷偷藏着我让让和小仙女在在！！,<钧裔nir>: 回复 @甜文少女 :看完这个中考多考了好多分 强推 一级棒!,<粥粥和鲸鱼>: 回复 @甜文少女 :在在和让让[允悲],<火羊宝宝的秋裤>: 回复 @甜文少女 :强推推推,<很酷的仙女糖>: 回复 @甜文少女 :敏学我欢姐，人美路子野[笑cry][笑cry],<很酷的仙女糖>: 回复 @甜文少女 :我是在在啦 女主真的超萌,<很酷的仙女糖>: 回复 @甜文少女 :最喜欢的一句，我被欲望抓住了,<阿清喔->: 我看了很多合集，很奇怪，没人看过淑女飘飘拳吗？我是很久以前看过的，到现在都还记得，女主是太极高手，因为阴差阳错不得不装做淑女，真的还挺印象深刻的,<伽妤喔>: 回复 @甜文少女 :为在在让让 疯狂打call,<沙丁鱼0509>: 回复 @甜文少女 :超超超级好看！强推强推！貌似今天刚完结,<可可西里oi>: 回复 @甜文少女 :男男？,<且尽责吧>: 回复 @Kyuns :对对，超级好看我的天！,<蛋蛋蛋饺儿>: @悲伤会淡思念会浅  你看看这些小说,<KEMINGQI>: @CHEN章章章-,<-沂uuu>: 回复 @甜文少女 :笔芯许小波,<长于一则童话>: 回复 @珍波椰_ :因为你看的是盗版。,<皖琛>: 《两小无嫌猜》by北南 强推啊啊啊啊啊啊啊啊啊啊啊啊啊啊,<Mid_www>: 回复 @王俊凯永远的小迷妹 :md一群戏精 我看半天,<王俊凯永远的小迷妹>: 回复 @Kyuns : @麻人左左   哈哈哈哈哈哈哈哈哈,<PABUCHAGI>: 回复 @甜文少女 :额呵呵 这个小说 表示这本书的内容结合了所有经典狗血剧情 无语]
6077588122	#网文回忆杀# 你看过的小说里，有没有哪句情话（骚话）最打动你？ ​​​	[<惊艳了时光12121>: 回复 @没有大耳朵的兔喵喵 :十年一品温如言[爱你],<珺珺jun__>: 俊男坊 与君aa 夫君太坏谁的错 总裁的女人 总裁的失心新娘 请君入瓮 坐享八夫 夜倾尘 都没人看过吗？？？！！！,<南方的风吹得心凉>: 回复 @没有大耳朵的兔喵喵 :有些作者在耽美上写的很好却不写其他，很多言情啊或者是其他的作者就有抄袭者,<-W_wwww>: 回复 @inNirvana :谢谢你[羞嗒嗒][羞嗒嗒],<inNirvana>: 回复 @-W_wwww :丁墨 你和我的倾城时光,<吾吾吾吾吾皇万岁>: 海底月是天上月，眼前人是心上人。[拜拜],<DDDDDREAMY>: 回复 @-W_wwww :他知道风从哪个方向来，真的非常好看！,<-W_wwww>: 回复 @inNirvana :什么小说 求告知[可怜],<-W_wwww>: 回复 @Star-DriftYHS :话说这是什么小说 求告知[可怜],<墨不语莫不予>: 他们也只差一步，一步而已,<一个可爱的肥美少女>: 回复 @旧鲸 :一中小霸王，临市几套房，一中乱不乱，辞哥说了算。,<一个可爱的肥美少女>: 回复 @何鲜菇tina :每次我都选择在他们旅游那结束。,<池鱼ye>: 中野联动是什么鬼，中单是注定要和ad谈恋爱的，你说是不是吧，陆夫人,<失踪的漫画家>: 回复 @岚歆Sue :“你刚才怎么可以突然就这样摸少女的肚子？” “老虎肚子？摸不得？” “放在古代你这样是要娶我的。” “我还以为我在做好事，为什么要接受这种惩罚？” “……”,<Begonia鲤鱼仙子与海棠>: 回复 @口天飞木几- :这什么书啊,<YKUBIH>: 不要再议论了chessman的一句句都是情话,<黄曦ZXY>: 大丈夫，色令智昏，在所难免，不算可耻。 ——林屿森《骄阳似我》,<九岁小仙女呀>: 回复 @啷个哩个啷cic :“枪”的英文，嗯...谐音像中午“杠”的读音,<_ZHUQING_>: 回复 @崔崔甜心兔 :我可以为了你给别人跪下，但是我不会给你跪下,<你丫呀->: 回复 @岚歆Sue :想问童谣又一次接受采访说的特霸气的一句话，好像是他必须去承受的什么……谁帮我找一下[作揖],<蛊蛊毒>: @-Gemita-,<榆闵yana>: 回复 @岚歆Sue :社会我诚哥  见一次赞一次！！,<LLLLLLLLdee>: 回复 @口天飞木几- :你去守国家我来守你,<AmoreCLX>: 回复 @崔崔甜心兔 :超带感 很好看！！！,<AmoreCLX>: 回复 @酸奶与辣条 :我的谈书墨！！！,<_小墨子_>: 回复 @会努力成为学霸的静漪啊- :滚烫的馨香淹没过稻草人的胸膛,<我不就想改个名嘛>: 回复 @yllllE :因为这句话好像是个书粉说的[二哈][二哈],<yllllE>: 回复 @杨TONG桐 :很气 为啥我在晋江看完了都没看到这句话 这是在哪里出现的！！,<Calpis>: 回复 @染玫瑰的爱丽丝 :龙族里唯一触到的一本[淚],<张艺兴shmily>: 回复 @l酥苏l :确实是比较让高三的孩子心酸啊，又比如现在连分数线都出来了，更是这样了[二哈][二哈][二哈],<姓樊的孩纸>: 回复 @少女呆的日常 :哦，我的厉爵风，我的顾小艾,<爽爽程橙>: 回复 @喉休 :果然还没有结尾啊哈哈哈哈,<与太阳肩并肩的61>: 回复 @爽爽程橙 :估计要追到太阳从西边出来为止吧[doge],<Blush-Lu>: 回复 @张艺兴shmily :哈哈哈666,<曾筱颖->: 回复 @我说我是小仙女呀_ :微然啊啊啊啊啊[心]翩翩公子温润如玉,<安茶牙园>: 倾尽一生只为博你一笑，不记得什么小说，但是这个句子在我脑海里浮现了好多年,<爽爽程橙>: 回复 @喉休 :文结尾了吗？[二哈],<安和w曦禾>: 回复 @青灯姐姐_ :妈的都这样写  看多了[二哈],<异兽_>: 回复 @PN大旗我来扛呀 :纨绔世子妃,<青灯姐姐_>: 回复 @安和w曦禾 :骚话说的好溜啊,<青灯姐姐_>: 回复 @安和w曦禾 :你好污啊[允悲],<宗主夫人Dreamslink>: 回复 @吃韭菜果子的鱼 :蛮好看的 你要相信墨宝非宝的书再差也差不到哪去 毕竟实力摆在那里,<安和w曦禾>: 回复 @青灯姐姐_ :都湿了 你下面的嘴比上面的更诚实 [二哈],<安和w曦禾>: 回复 @盼盼刘氏小面包 : @青灯姐姐_   你看的那个,<这里是浅唱啊>: 哈哈哈哈哈天天就是天天！,<下路小公主ovo>: 回复 @日光暖影 :西门在我心中无人可挡。[喵喵]我大男神啊啊啊啊,<下路小公主ovo>: 回复 @蔡宇航 :西门西门西门呀呀呀终于看到了我大西门!!!!!!!!!!!!激动抱住西门就跑,<啦啦啦种太阳zy>: 回复 @宇宙无敌金善斌 :你微笑时很美,<宇宙无敌金善斌>: 回复 @啦啦啦种太阳zy :哪本小说[疑问][疑问][疑问],<吃韭菜果子的鱼>: 回复 @宗主夫人Dreamslink :这本书我没有看完！看了1/3，觉得各方面都不像她的书啊啊啊啊啊啊，难道后面很好看？,<青灯姐姐_>: 回复 @xJIaoo : @安和w曦禾  [笑cry][笑cry][笑cry][笑cry],<吃鸡米花也要用叉子的精致女孩>: 回复 @恰逢於你 :妈的这本太好看了！！广播剧也好听！！,<余渊>: 回复 @染玫瑰的爱丽丝 :泪目,<野生型大葡萄君>: 回复 @_小墨子_ :[心][心],<纸猫罐>: 回复 @Somebody-陈 :最美遇见你！！！,<BigMorganSweet>: 回复 @岚歆Sue :最喜欢的小说没有之一 可惜太短,<Augensternlty>: 回复 @啷个哩个啷cic :干 枪的意思,<Kitty-潘潘>: 回复 @南谷郁_Nate :海洛因[花痴],<意中人李昇炫>: 回复 @蔡宇航 :由于太长了没追下去[doge]]
6077588122	那些男主很会撩的小说合集，码住学习，骚话满分~ ​​​	[<暮紫日寒>: 魏无羡算不算[doge],<纵欲野心>: 回复 @甜文少女 :这个很好看的好吗，萝卜青菜各有所爱，不爱看也别在这说啊。,<汝之一笑倾城>: 回复 @甜文少女 :烟灰系美男更好看啊啊啊啊啊,<人豆儿>: 回复 @甜文少女 :这书真的好看！,<Fly_yxyyyyyy>: 回复 @甜文少女 :这个好看！！！,<李村狗剩儿>: 回复 @甜文少女 :很甜！配角也特别招人喜欢,<三月的仙贝>: 回复 @我这么好看不能胖 :哈哈哈哈哈哈哈哈哈哈哈哈,<Akycedc>: 回复 @甜文少女 :马,<Paintery>: 回复 @甜文少女 :我看成林则徐了。。。妈卖批[允悲][允悲][允悲],<hiyeyewei>: 回复 @甜文少女 :前面很好看 后面烂尾了,<hiyeyewei>: 回复 @甜文少女 :社會我誠哥,<薄荷kkkkkkkkk3>: 回复 @咸鱼少女远鸦w :啊啊啊啊啊啊啊终于看到有人提小侯爷了，感觉小侯爷全身上下都撩啊啊啊啊,<AriesDilraba>: 回复 @甜文少女 :我觉得《烟灰系美男》更好看哈哈哈[并不简单],<幼稚園殺手o3o>: 回复 @li_yunfang :《你微笑时很美》,<桎梏妹子>: 弱弱的问一句大家是用什么软件看小说的[可爱][可爱][可爱],<殤点点>: 回复 @甜文少女 :为李峋爆灯,<幼稚園殺手o3o>: 回复 @阿小诺ll :《你微笑时很美》,<季十安>: 回复 @甜文少女 :徐不羁和苏不乖,<不吃辣条会死星人i>: 回复 @甜文少女 :啊啊啊啊啊啊啊这本真的赞！,<林谕芪hh>: 回复 @幼稚園殺手o3o :陆思诚是哪本小说里的？求书名？,<li_yunfang>: 回复 @幼稚園殺手o3o :记得陆思城 不记得是那本小说了！,<甜肉宝>: 回复 @甜文少女 : @Silver小师妹   就是这本小说[害羞][害羞][害羞],<林林林可以i>: 回复 @甜文少女 :虽然看了看评论很多人不喜欢但是我真的超级超级喜欢的!甜炸!,<一车贤女>: 回复 @甜文少女 : @bbbbbbbbbbbbbbbbbbbb_,<伯欣賢>: 回复 @李various :殺馬特只是因為男主的金髮 放心 不非[doge],<我整个人都不在服务区>: 回复 @甜文少女 :“你还认得我吗？”  超冷“你化成灰我都认得你”,<失踪的漫画家>: 回复 @甜文少女 :还行吧,<颜如钰Yuki>: 回复 @甜文少女 :半天时间看完了[喵喵]真的会撩,<铃铃铃啊ring>: 回复 @HeyIrene_mio :一百个同意[瑜伽二],<铃铃铃啊ring>: 回复 @甜文少女 :前面好多都看过，好看，但是说男主讲骚话会撩，这本必须前排前排，男主真是分分钟在撩啊,<可爱的小屌丝YZ>: 回复 @甜文少女 :靠现在才知道我看的不是完整版 漏了好多,<一朵小仙女开了>: 回复 @甜文少女 :啊你们怎么能记住原话的！！！我笑的像个老阿姨一样然后就忘了他们是怎么说的了,<一只烊在跑>: 回复 @甜文少女 :诚哥！！！,<RVIGLE>: 回复 @甜文少女 :刚刚看完这本，诚哥已经成为我心目中小说界NO.1了,<林林林可以i>: 回复 @甜文少女 :这个真的甜爆啊啊啊,<白糖烧酒>: 回复 @Daddy嘟嘟嘟 :看到了,<孤影的芒果干迷妹>: 回复 @九妄十言i :是这样没错[doge],<九妄十言i>: 回复 @孤影的芒果干迷妹 :对队友〔女朋友〕这么骚的也就我诚哥,<是霸王姝不是霸王妹>: 回复 @魔卡少女煤 :诚哥：“你很感动？”射麦林：“感动啊，总有一种儿子长大了的感觉”，诚哥“嗤”，射麦林：“你笑什么？”诚哥：“心疼阳神，一顿深情演讲，换来一张儿子卡。”,<珺珺jun__>: 俊男坊 与君aa 夫君太坏谁的错 总裁的女人 总裁的失心新娘 请君入瓮 坐享八夫 夜倾尘 都没人看过吗？？？！！！,<鹤减减->: 回复 @鸿雁于飞集于中泽 :那我私信你我的百度云你加我？,<33家的小梨涡>: 回复 @甜文少女 :好看！,<洽洽Char>: 回复 @西澄C :没问题！我看了这本书去打了农药哈哈哈哈,<空城旧梦73227>: 回复 @甜文少女 :喜欢终于看到有人推了,<鸿雁于飞集于中泽>: 回复 @鹤减减- :我。。。也……,<失踪的漫画家>: 回复 @古诗词- :同,<柠檬汁拌饭>: 回复 @甜文少女 :为杀马特爆灯！,<朴朴朴朴灿烈嫁给小公举我啦>: 回复 @两口奶盖 :好的谢谢,<两口奶盖>: 回复 @朴朴朴朴灿烈嫁给小公举我啦 :一个电竞 一个消防员,<salami_wuchuhan>: 回复 @甜文少女 :太太太甜了！！,<朴朴朴朴灿烈嫁给小公举我啦>: 回复 @两口奶盖 :可以说大概说一下这两部讲的都是什么故事吗,<小新他姐_>: @淡淡的198703]
6077588122	以后大家看到好看的小说，特别是新文，可以发微博艾特我，质量高的我会放到以后的推文合集里～ ​​​	[<Rachel_smiling>: 回复 @七菇凉是大叔控 :我们建群吧[doge],<maalio3o>: 殇宠！殇宠！这本简直强推！强推！虽然名字很…但是不妨碍它好看啊！作者文笔特别好构思也新,<毕竟机智啊>: <<无法直视>>,<阿艺呀ovo>: 回复 @才下眉头的离愁 :喜欢陆嘉学啊啊啊啊啊啊,<绿萝绿萝啊你不开花>: 回复 @白衣九楼 :么么哒，都看过啦[允悲][允悲][允悲],<一只肥腻的吃货>: 回复 @七菇凉是大叔控 :盛开这么经典的不要我推荐了吧,<白衣九楼>: 回复 @绿萝绿萝啊你不开花 :如何从病娇手中总逃生。,<白衣九楼>: 回复 @绿萝绿萝啊你不开花 :被我抱过大腿的人都黑化了[快穿],<珺珺jun__>: 回复 @珺珺jun__ :都是经典的经典啊 好像都没人看,<珺珺jun__>: 俊男坊 与君aa 夫君太坏谁的错 总裁的女人 总裁的失心新娘 请君入瓮 坐享八夫 夜倾尘 都没人看过吗？？？！！！,<赵紫萍萍>: 回复 @o可爱的汉尼拨o :没人给我！！,<o可爱的汉尼拨o>: 回复 @七菇凉是大叔控 :[doge],<o可爱的汉尼拨o>: 回复 @二踢脚的爱情 :希望给我一下[哈哈],<耂虎的那个王>: 老书比较冷门的行不行,<stamny>: 回复 @Gao源Gillian :赫舍里清如，心疼男二号,<喜欢句号嘛>: 回复 @七菇凉是大叔控 :我觉得小白兔三部曲很棒棒[doge],<圈喵抹莓>: 回复 @顾长倾- :[二哈]也是,<1995_12-30>: 回复 @奥尔良烤鸡翅啊 :[笑cry][笑cry]看好多遍干嘛[doge][doge],<顾长倾->: 回复 @圈喵抹莓 :零几年特别喜欢用书旗，那时候里面不收费又好看。现在坑文太多。基本都用浏览器直接百度了看,<灿宝宝求抱抱>: 回复 @七菇凉是大叔控 :我也收 如果没有我过会再来问[doge][污][污][污],<奥尔良烤鸡翅啊>: 回复 @1995_12-30 :哈哈哈哈哈哈哈快穿之媚肉生香吗[二哈][二哈]我是爱读书的好孩子，所以我看了好多遍,<放学小卖部一聚>: 一时冲动七世不详,<杨猪蕊>: 回复 @才下眉头的离愁 : @闻檀wings  哈哈哈,<蓑草连横向晚晴>: 回复 @七菇凉是大叔控 :要要要,<Sweetjade->: 顽石与烈女  又叫与你到世界尽头   容光的[太开心],<sofia1989>: 回复 @yumikul :推荐你去看小鱼大心的所有文！！半裸江山，色遍天下啥的,<cherry-siray>: 回复 @乔烟婉 :国民校草是女生！！,<cherry-siray>: 《hallo继承者》,<卓雅端呗->: 听说我们不曾落泪，如果天空会流泪,<鸡汁兔仙女>: 最近养肥《青叶灵异事务所》虽然作者把男主设定成了直男，但是林奇和叶青怎么就这么好吃！,<鸡汁兔仙女>: 回复 @WASABIYM :喜欢高老庄和向佛爷爷保证！,<特别喜欢_>: 回复 @七菇凉是大叔控 : @有点喜欢w   哈哈哈哈,<SHUK-YY>: 希行的君九龄，娇娘医经，名门医女,<捡到五毛黑>: 回复 @天秤座的小心愿 :我觉得潜规则比较刺激🙈因为男女之间的纯肉太无聊了 np也是很没有意思[允悲]然后就变得重口味，另外一本讲的是什么？,<Ko_kc>: 回复 @谢查理Charlie :謝啦[doge],<谢查理Charlie>: 回复 @Ko_kc :很有剧情很有肉[doge],<天秤座的小心愿>: 回复 @Yui库 :他还有本也很好看，我爱你，比永远多一天。比潜规则好看很多。,<Ko_kc>: 回复 @谢查理Charlie :大灰狼寫的書都是有肉嘛？[doge],<千万班柔情>: 回复 @听说勉强在爱里活着的你并不快乐 :战雪恋[doge][doge][doge],<千万班柔情>: 回复 @二踢脚的爱情 :战雪恋[doge]不用谢,<千万班柔情>: 回复 @小君子OB仔 :战雪恋[doge],<Just温柔点>: 回复 @小潘是个肉团子 :哈哈哈哈,<小潘是个肉团子>: 回复 @Jill_婧婧婧婧婧 :我不知道！我看不见！,<Just温柔点>: 回复 @阿姨没钱 : @小潘是个肉团子,<正版果纸>: 回复 @七菇凉是大叔控 :收！！！！！！谢谢好心人,<杨猪蕊>: 回复 @-六梳 :网盘有没啊,<杨猪蕊>: 回复 @没话说就不回了啊 :亲爱的玛丽居里  亲爱的贝克勒尔等等[doge],<杨猪蕊>: 回复 @才下眉头的离愁 :闻檀的其他书也超好看!,<他Hl>: 回复 @七菇凉是大叔控 :为了促进社会和谐，发我一份[鼓掌][心],<一颗栗子呦>: 夜北的所有小说[摊手]亲测,<程池w>: 回复 @白茶傾浣 :半调子cj,<白茶傾浣>: 回复 @ScaTtu :有百度云么,<白茶傾浣>: 回复 @程池w :哪个作者写的,<云养猫族-W>: 回复 @PiscesK克里斯 :可以求资源吗！！！！,<LiterallyMe>: 回复 @PiscesK克里斯 :我也是,<小怪咕>: 回复 @七菇凉是大叔控 :我只是个热爱读书的好孩子，请打包满足我的求知欲[doge]]
6077588122	盘点近些年由小说改编的高分网络剧/电视剧，每一部都值得追。 ​​​	[<其实是欢脱>: 心理罪可以说是完美,<驴耳朵驴耳朵驴耳朵>: 遇见王沥川真的让我泪崩了，痛哭过的一个电视剧之一,<热爱数学的兰同学>: 回复 @Hello兔朵儿 :我就说怎么第二部不好看了…,<王凯凯的小瓶子>: 沒有琅琊榜？？？,<li人走茶凉li>: 啊，我的秦明[doge],<Young_Suen>: 如果蜗牛有爱情 電視劇里改太多了,<Deer_小仙女>: @七年择瑾夏   http://t.cn/RoGynT0,<岁月难相闻>: 我的团长我的团  超赞[鲜花],<你家小奶猫哦>: 回复 @Double-Up :神他妈的杨洋神还原肖奈,<伦家灵儿>: 表白小哇！！！都演出了书里的感觉,<-STRAWbreeyV>: 如果蜗牛有爱情！！！！！！！！！！！,<代号拉布拉多>: 步步惊心！唯一一本电视剧和原著都刷了好几遍的！！！,<钢铁侠露露露兽>: 回复 @桢洋superwoman :大家都是用什么读书软件的 求推荐,<那个女生叫许希微>: 本人表示《夏有乔木雅望天堂》也改的很好啊,<我说我叫陈星星那>: 最好的我们让我粉上了男主又脱粉。。。。。因为和大提琴炒绯闻炒糊。。。。。。。现在看到他就。。。。,<Mia__yao>: @ZH0UJIYU,<look一只帅哥>: 上瘾上瘾，顾海  白洛因[泪],<禾米屋>: 他来了，请闭眼好看吗？？？？？？,<柒jq>: 回复 @CeresLi :棒棒哒，谢谢宝儿,<念空311>: 如果蜗牛有爱情真是毁原著[允悲],<Secretbase12>: 回复 @两个彧婷儿 :高以翔把王沥川演的好有教养[泪]主要还是导演厉害 导过好多纯爱的电视剧 放羊的星星这些,<以后会有狗的>: 回复 @Hello兔朵儿 :就是日了编剧了，自己不要脸拉着尔雅大大下水,<无法朝朝暮暮>: 回复 @后身缘他生里 :我爱四少 每年一刷,<无法朝朝暮暮>: 回复 @idtakkoineun :我爱四少 每年一刷,<无法朝朝暮暮>: 回复 @沈大大大黄 :我爱四少 每年一刷,<Lee9574>: 回复 @idtakkoineun :超级爱,<Lee9574>: 回复 @沈大大大黄 :四少啊,<少女安惠殺>: 《寒武纪》也不错啊,<晨曦23046>: 除了最好的我们，其他的我都没看过。[脸红],<王安静王冷静千千静听>: 最好的我们真的是top妥妥的[鲜花],<不静buiii>: 回复 @刮风牌炸鸡 :谈不谈演技都觉得baby最low 看不下去[doge][doge],<江江江美人>: 沥川往事真的超好看的啊 高以翔演的简直棒！把沥川给演活了 每一个眼神里都是戏  反真我是看了两遍 看一次哭一次,<ningbzo秦>: 还有他来了请闭眼，霍建华超帅的[心][心][心],<喵吃鱼的童话OMG>: p4看的我想哭，《来不及说我爱你》，《上瘾》[泪][泪][泪][泪][泪][泪],<花落时节又逢君s>: 我们永远的海因！,<桢柾>: 回复 @泰攻了吧 :这都能捕捉到阿米[doge],<凌雨y靥>: 回复 @婷婷婷婷诶 :哈哈好的,<关于姚芷妍>: 匆匆那年的电视剧也好看，超喜欢白敬亭的,<那个小兴兴>: 来不及说我爱你和微微一笑很倾城啊  先看来不及  看得虐到了就看看甜甜的微微[笑cry][笑cry][笑cry][笑cry],<我叫陈不丢>: 我想要楚乔传的小说[可怜],<ponyo杨>: 战长沙 看多少遍都还是会好看的剧,<婷婷婷婷诶>: 回复 @凌雨y靥 :不过确实挺好看的,<忒忒圆幼园>: 是我的余淮啊  http://t.cn/RS8fJLo,<老张的小恬恬心>: 回复 @只是一个大大大小号 :你反射弧——————————————————————比这个还长，所以，还拍不拍了？？？,<只是一个大大大小号>: 回复 @两个彧婷儿 :hhhh 对沥川这种人设简直没有抵抗力[二哈],<只是一个大大大小号>: 回复 @老张的小恬恬心 :因为女主没档期啊[二哈][二哈][二哈],<我隐形了你们看不见我>: 回复 @Hello兔朵儿 :女主校友路过[二哈][二哈][二哈][二哈][二哈][二哈][二哈][二哈][二哈][二哈][二哈],<Laurus-Keir>: 王沥川不在前排??!!推我上去!!,<酸奶我要黄桃味哒>: 居然没有甄嬛传，这不科学。,<青青是只小双鱼>: 回复 @爱你不是独角戏 :忍不住发出了杠铃般的笑声,<你不必回眸>: 回复 @老张的小恬恬心 :翻拍没有毁小说的典范！高以翔真的把沥川那种教养演的超棒]
6077588122	整理一些好看的忠犬系男主小说合集。 ​​​	[<麦田里的雪小狸>: 回复 @起司和粥 :这文我起码看了4遍！前段时间才重新看！,<LY欧耶耶耶>: 回复 @甜文少女 :我更喜欢他儿子那篇 夏天的芦苇,<鹿尔东>: 回复 @网瘾少女和他的猫 :是什么小说呀[馋嘴],<成为知情者之一>: 回复 @甜文少女 :皇…马…球迷……路过……,<蟹哥六年级>: 回复 @甜文少女 :周荡周荡周荡...荡你妈,<_长安与笙>: 回复 @明凯直播了么 :无敌好看！！！,<麦田里的雪小狸>: 回复 @深海灵哥 :我懂你～,<Accompany_12>: 回复 @甜文少女 :这个真的是甜到不行[污],<木子小鼠>: 回复 @木子小汪 :嘿嘿嘿,<木子小汪>: 回复 @木子小鼠 :我知道，我就是从这看的[偷乐],<木子小鼠>: 回复 @甜文少女 : @木子小汪,<阿楠大人的萌萌桑>: 回复 @甜文少女 :为了你，我变成了我自己[心],<衬衫的价格是九镑十五便士->: 回复 @得与王子同舟兮 :哇哇哇，喜欢，九爷的书都好看[哆啦A梦花心][哆啦A梦花心][哆啦A梦花心],<衬衫的价格是九镑十五便士->: 回复 @网瘾少女和他的猫 :哇哇哇，冰妹好可爱，不过冰哥也是狂拽炫酷吊炸天[笑而不语],<玲珑安绿豆>: 逃嫁太子妃之卿本凶悍,<真的纯牛奶君>: 回复 @甜文少女 :不要看不要看 我抑郁了几天[拜拜][拜拜][拜拜][拜拜],<包子只有三分热>: 花暮年的《妖孽养成记》  许谦简直是忠犬到没话说  女主施旖旎有点小渣  挡不住忠犬许谦的忠心杀啊,<杨雪君SHERMAN>: 回复 @甜文少女 :超好看,<Huhu-sams>: 回复 @甜文少女 :文笔差，太幼稚,<神经很大条君>: 回复 @甜文少女 :啊哈哈哈看了下肉！就是女主。。确实。。,<Jane27361>: 回复 @月野兔的胡萝卜包 :原来如此[哆啦A梦吃惊],<月野兔的胡萝卜包>: 回复 @Jane27361 :全明星投票王 lpl代表adc 人气王[并不简单],<寧大只>: 回复 @甜文少女 :结局真的鬼畜。。。既然最后和爹在一起了，那一开始写儿子然后把儿子写死了的意义何在?(ಥ_ಥ),<Jane27361>: 回复 @月野兔的胡萝卜包 :怎么会是uzi啊[允悲],<Czlstrawberry>: 回复 @甜文少女 :这本真的是不敢再看了 想想最后女主的女主的那句话心都揪着疼,<可以说是很无趣的人了>: 回复 @甜文少女 :结局到底好还是坏？,<无衣也好与子同袍>: 回复 @那个你看到我的小熊了吗 :支持你说的，越到后期越觉得接受不了,<reset_胡椒末>: 回复 @甜文少女 :唉,<好大一个月亮噢>: 回复 @甜文少女 :不好看，好平淡乏味,<辣条鸡腿>: 回复 @刹那拔娜娜 :就结尾和后面一点虐 反正结局也算一种圆满,<辣条鸡腿>: 回复 @甜文少女 :很好看 就是结局比较塞,<辣条鸡腿>: 论忠犬的炼成和论皇后的养成 最近心发现的 甜宠 忠犬 强推[并不简单][并不简单],<国林张>: 回复 @明凯直播了么 :真的看的让人心疼幸好结局是好的,<NDY李丹阳>: 回复 @SCY苏晨阳 :[喵喵]那算了你别看,<EternityOlay>: 回复 @甜文少女 :结局是好还是坏呀？,<谷雨茶烹_Q>: 回复 @Siemprekkdjjdjcjncnc :哈哈哈哈，那真是有缘了[笑cry],<Siemprek>: 回复 @谷雨茶烹_Q :天呐 我也是！,<Siemprek>: 回复 @甜文少女 :啊…什么 …我觉得挺好看的啊 一度留下了深刻的印象,<是阿阿阿阿丘啊>: 回复 @李白的正房夫人 :喜欢你这么说,<SCY苏晨阳>: 回复 @NDY李丹阳 :看小说的后果很严重,<富川慵懒贤>: 回复 @甜文少女 :“周荡在吗？周荡？周荡？你人呢周荡？阿荡？”“荡你妈”[doge]哈哈哈哈哈哈哈哈哈哈哈哈哈哈哈笑死,<文迩斋>: 其实我觉得上古情歌里边，教主的人设特忠犬[允悲]有没有这类型的小说？？？,<没有阿阿阿>: 回复 @甜文少女 :看过啦很好看 丁墨还有其他的书也是写外星人的 我全撸了,<Jy有粒傲娇心>: 回复 @pizaa大总攻 :哈哈哈这是真的！！学到了战术！！！,<辣条鸡腿>: 回复 @甜文少女 :！为什么 感觉这里边的女主名字接受无能 文笔和忽如相比 也差很远 看不下去[允悲],<东橙西旧>: 回复 @牧牧黑眼睛 :那个时候 木浮生指控容光抄袭,<鹿鹿鹿狍子LUHAN>: 回复 @甜文少女 :结局没看到,<九姜_>: 回复 @甜文少女 :这碗粥的都超好看。。！！但是我找不到和她类似的小说了,<赵子瑄_weiznee>: 回复 @甜文少女 :耀日已经坠落 银河再无帝国[心] 指挥官我的嫁！！,<里木子lmz>: 回复 @甜文少女 :有段时间很迷，但是说实话经不起二刷,<里木子lmz>: 回复 @甜文少女 :这篇好看到爆，每次看都必须熬夜看完，停不下来啊！！,<菠萝味小白>: 公子无耻 苏沉澈,<Mars_药迷妹阿胖>: 回复 @甜文少女 :这本书简直甜爆了刷了不下十遍这本书]
6077588122	#网文回忆杀# 你看过的小说中，有没有哪对cp 让你印象最深刻？ ​​​	[<橙子是甜的不是酸的_cc>: 回复 @和菱央央 :言希阿衡永远是心头温柔的刺啊[心碎],<一晌贪欢7111>: 季钦扬谢孟 季一美和谢萌萌,<起名字好麻烦啊还是算了吧QAQ>: 翻评论，把看到的亿万系列都赞了一遍[doge][doge][doge],<杨幼稚>: 回复 @起名字好麻烦啊还是算了吧QAQ :我当时也有过想法要去小说里所有的地方[允悲],<起名字好麻烦啊还是算了吧QAQ>: 回复 @杨幼稚 :md和好友约好要去沙特找白夜和苏美人,<林木木木之>: 回复 @霍甜甜的糖 :站张骏[心]年少时最简单的爱恋,<yi2three四>: 回复 @599的小迷妹咿 :好好看好喜欢,<顾北清歌寒__>: 回复 @LZHB_小椅子 :最近刚在刷,<许久-许久>: 周荡 书佳[doge],<许久-许久>: 回复 @薛之谦我要把你捧在手心里 :头牌[污][污][污]锖青磁,<许久-许久>: 回复 @599的小迷妹咿 :gun神[摊手][摊手][摊手]这样的男人请给我来一打,<许久-许久>: 回复 @琴三小姐 :汪叽和wifi,<LYJ在陆地游泳>: 回复 @万年迷妹_mio :这本超爱,<不做状元的探花>: 回复 @荷露叻 :[doge][doge][doge]我评论的时候，头像还是君莫笑[doge]然而现在掉进索克萨尔的坑里了[笑cry],<荷露叻>: 回复 @琴三小姐 :带着喻队ID喻黄头像你跟我讲忘羡[doge],<临近山水>: ……艾……艾情和Dt.！,<山河湖澤>: 回复 @羊羊羊ygk :真正难忘的只有这个,<十七萬嬉皮>: 还是陈铭生杨昭吧,<奶味咸咸Q>: 回复 @登等登等灯灯 :哈哈只记得内容不记名字,<_-Sakura_>: 路明非[心]上杉绘梨衣,<雪落千霜>: 石飞侠和伊斯菲尔,<阿风家的电风扇>: 回复 @real__xyyy :哈哈哈哈哈哈我也知道会有LG啊啊啊啊激动,<江南猫侠>: 回复 @狐狸还是喵 :为叶薇十一爆灯,<爽爽程橙>: 回复 @琨啊khun :嗯图大的倾尽天下也超喜欢，看完小说听听歌，每次都这样[笑cry][doge],<琨啊khun>: 回复 @爽爽程橙 :我也是刷了好久没有看到 可以顺便听一下河图的倾尽天下 [心],<爽爽程橙>: 回复 @琨啊khun :最爱最爱最爱的一部小说刷了那么长时间微博终于看到了，准备再看一遍小说去[悲伤][握手],<元元元啊_>: 时宜 周生辰[心],<噼咔噼咔哒哒哒>: 夏……夏飞和张青凯[伤心],<熊扑酱w>: 吴邪 张起灵[doge],<琨啊khun>: 肖倾宇✖️方君乾 算么[允悲],<Chen-02Cc>: 回复 @登等登等灯灯 :对我看的快忘得也快,<hxjdbdgfiak>: 飞丞  [doge] 顾贺[doge],<拂心子>: 回复 @猫的我牛奶味有 :本命 不解释。我爱他们[心],<毕泽大婊哥>: 七七夏侯聆行不行,<时宜未暮>: 费渡，骆闻洲[喵喵],<开飞机的聪明大舒克>: 叶梓楠[心]宿琪 江圣卓[心]乔乐曦,<你劳你锥>: 甄意和言格记忆最深，言格被qj[微笑],<我想时光慢些走>: 回复 @登等登等灯灯 :终于找到组织了,<荔_枝小仙女>: 回复 @你的小可爱啊啊啊啊啊 :徐徐诱之,<荔_枝小仙女>: 回复 @万年迷妹_mio :本命,<瑾瀎>: 回复 @许你逆爱 :喜欢他们[太开心],<梦mengMY>: 回复 @桃咪_ :他们家族所有cp都喜欢,<许你逆爱>: 回复 @瑾七喵 :毕竟他们是名义上的未婚夫妻,<瑾瀎>: 回复 @许你逆爱 :我看过啊  但是我觉得卡卡和海蓝关系太好了[笑cry],<许你逆爱>: 回复 @瑾七喵 :海蓝有另外的故事，书名《天才魔妃》[太开心]也很好看的。,<肉是很好吃的肉>: 回复 @言溯妻子 : @玖月晞  你看看你都干了啥,<鹿筝lzzz_>: 回复 @咔擦嘭擦次儿 :小说谢谢。,<Achoo-->: 回复 @恶婆婆黑暗进化 :我是乔裕纪思璇入坑 因为好多人说我和男票像他们俩 但最喜欢萧子渊和随忆 可能是因为不是那种淡淡的人所以喜欢那种感情吧[二哈],<魂昏的路>: 回复 @向日葵的北海道_YZ :你不是走到哪里都有海吗[喵喵][喵喵][喵喵],<资源暴发户>: 回复 @ChristinaDS :我也没有啊[笑cry],<老薛的小旋风>: 谢小侯爷和沈娇娇啊[心][心][心],<Flower云朵>: 景逸辰和上官凝！！！]
6077588122	盘点那些惊艳了时光的古言小说合集。 ​​​	[<黄驴驴Harper>: 回复 @程先生cll :超好看！,<是权小萌呀>: 回复 @月流之中 :相柳真心喜欢,<-Y大王Y_>: 回复 @甜文少女 :情节虽然引人入胜  但逻辑禁不起推敲,<-程小碩->: 回复 @甜文少女 :我只想说 妈的又被翻拍了[微笑],<-程小碩->: 回复 @甜文少女 :好久不见  谢小侯爷[心]。,<吻晚风l>: 回复 @我喜欢你哟_TC :哈哈哈哈哈哈我最近书荒又在看这个,<暮秋近>: 回复 @waliyar :对！我大概是前面看的这本书！我就是第一遍看懂。不久前文荒打算二刷，看了一小半不想在看下去了。还没看到后面开始虐的地方我心里就已经挠心挠肺地开始虐了[允悲],<我喜欢你哟_TC>: 回复 @匠三匠 :寻找前世之旅,<我喜欢你哟_TC>: 回复 @吻晚风l :对对！！！皇上我要废了你超级好看！！！小银和小红超级逗,<gagaga敏>: 回复 @甜文少女 :上古，侧妃不承欢,<顾秭夕>: 回复 @M9Au :啊啊啊啊终于看到你[泪]第一本看的小说，心头爱[心],<wuli-王睿瑞>: 天才小毒妃！！！   虽然名字很俗气但是写得超级好！作者描写得很细腻！超级好看！,<难以名状的称呼>: 回复 @安岚岚岚 :海青拿天鹅[强][强][强],<难以名状的称呼>: 回复 @爱小说排行榜 :be虐的我脑壳疼,<合法公民的合法身份_831>: 回复 @甜文少女 :水草精🙈,<ndAnchoR>: 掌事，就是太鸡巴长了,<刘朝钰啊>: 《奈何》 《月都花落 沧海花开》 《凤囚凰》 《兰陵缭乱》 《月上重火》,<彭于晏圈外女友o>: 回复 @甜文少女 :来娶你了沈娇娇,<ABCDoris>: 回复 @鹿晗说你咋不上天勒 :祸国！！,<在肉食主义者吃素的日子里>: 回复 @甜文少女 :觉得媚公卿更好看一些唉 王七郎[思考],<羡沧antlers>: 傲风！！！一生推🙃等了6年的小说不是白等的,<Ayue咦耶>: 回复 @甜文少女 :看了看感觉作者文字功底相对有所欠缺…,<Ayue咦耶>: 回复 @甜文少女 :看了三天 刚看完 极好呢[污],<中华少女洛天依>: 回复 @甜文少女 :东宫是我一生bg最爱啊，永远忘不了女主从城楼上跳下去的那一幕[泪],<用户5492095930>: 回复 @爱而不试 :如意书,<为什么每个名字都被占用了诶>: 回复 @甜文少女 :[赞][赞][赞][赞],<鹿晗你看我浪吗>: 回复 @甜文少女 :都归你,<纯情少女洁>: 回复 @刘婉荟女士你的快递到了 :啊啊啊啊啊啊啊！！,<纯情少女洁>: 回复 @早睡教左护法 :顾南衣啊啊啊啊啊啊啊！,<amber_睿睿睿>: 回复 @龙奎小仙女家的娇娇 :这个超级好看,<我等的是张起灵>: 回复 @甜文少女 :佳偶天成的嫖妓将军最爱[笑cry],<热爱读书的美少女啊>: 回复 @甜文少女 :容止永远的男神啊,<hei小樱啊>: 回复 @甜文少女 :我和你之间整整差了八岁[泪][泪],<乱花溅迷>: 《一生一世笑繁华》,<一笑奈奈子>: 回复 @甜文少女 :只是看了B站上杨洋刘诗诗的视频就哭出来了，不敢看小说,<椒媛蛋白>: 回复 @o啵唧O :太虐了，没有一对好结局[允悲],<-听筠->: 回复 @春田花花杠把子 :看到我王七了！！！！天啊！！！太激动！！[允悲],<-听筠->: 回复 @慕凡1106 :简直不要太好看！！！[爱你],<-听筠->: 回复 @孟帅帅帅帅帅_ :特别喜欢媚公卿！！！[憧憬]忍不住评论了[允悲],<0iny>: 回复 @大懒人星零 :竟然是作者大大本人[思考][思考],<虫儿飞_SHA>: 回复 @甜文少女 :良心推荐！！最爱的古言没有之一！！,<honey顾盼>: 回复 @Mirabelle落雪 :古言入坑之作，至今最爱。一样，看了好几遍了,<污婆后援团>: 回复 @甜文少女 :在推荐里看到了 两天追完了 说不上记忆深刻的虐点 大结局也可以说是好的结局 但就是很难过  让人很压抑很沉重 好几天才缓过来 作者文笔很好 寥寥几笔不赘述不煽情 但就是让人痛到极致回味无穷 我仿佛目睹了王儇的一生 目睹了那埋藏了无数人鲜血的帝王业……,<布灵布灵布灵biu>: 回复 @甜文少女 :最心疼的就是淳于临了,<香菇菇菇菇桃>: 回复 @甜文少女 :超好看啊！！本命！！,<冉冉笙烟>: 宁渊！！！星零的小说,<--兔子抱紧胡萝卜>: @常在河边走h_h,<妳都不值得我洗头>: 回复 @小白就是陈遇白 :陈遇白！！嗯嗯？！！[doge][doge],<熊孩子的妈妈527>: 回复 @颜如煤 :反反复复滴看，复复反反滴看…,<小白就是陈遇白>: 回复 @妳都不值得我洗头 :好美的诗句[允悲],<小白就是陈遇白>: 回复 @好久不见YT7 :愿你一世安枕无忧[悲伤],<小白就是陈遇白>: 赞同[允悲][允悲]// @我是春娇_ :我觉得曾许诺是桐华写的最大气的一部小说，没有之一，真的,<小白就是陈遇白>: 回复 @甜文少女 :真的是我心中桐华写的最好的小说了[允悲]]
6077588122	那些女主很会撩的小说合集，马住学习一波~ ​​​	[<啊啊啊啊啊嚏v>: 回复 @LLcoug :已经发给你了啦[馋嘴]注意查收哦,<LLcoug>: 回复 @啊啊啊啊啊嚏v :求网盘,<哎螺小满>: 回复 @哇卡卡_Means_ :在哪里看呀[羞嗒嗒],<窝是小太阳>: 回复 @甜文少女 :太肉了…而且肉描写得太细致了…不过…我喜欢啊哈哈哈哈[doge]剧情也不是俗套那种…炒鸡耿直不做作♡说男主神经的…确实啊…这就是喜欢一个人到极致的时候得不到就毁掉的心里啊[二哈]作为小黄文看简直满分了…大晚上得看得我联想起暗恋对象…想让他操我操的我欲仙欲死[二哈]肉文！！！,<九妄十言i>: 回复 @甜文少女 :射麦林小姐姐是靠实力撩到诚哥的好吗,<九妄十言i>: 回复 @TEKY- :哈哈哈哈,<冷大腿会撩蜂>: 回复 @岑木叶棠 :是必须加好友才行吗？我也不清楚[允悲][允悲][允悲],<岑木叶棠>: 回复 @冷大腿会撩蜂 :百度云我有的  但是怎么分享给你啊,<冷大腿会撩蜂>: 回复 @岑木叶棠 :骆老板里面只有一句话 说他和程迦结婚了。番外是我在网上搜到的。找了很久。,<岑木叶棠>: 回复 @冷大腿会撩蜂 :太酷了吧还有专门的番外啊！  天啊[羞嗒嗒][羞嗒嗒][羞嗒嗒],<冷大腿会撩蜂>: 回复 @岑木叶棠 :彭野没死最后伤好了，程迦也拍了纪录片，最后在轮船上相遇了结婚了。番外在骆老板那本书里面。,<冷大腿会撩蜂>: 回复 @记不住马甲的迷妹 :求百度云！[允悲][允悲][允悲],<小文兄O_o>: 回复 @微微笑_b_b :6666我服你！,<微微笑_b_b>: 回复 @甜文少女 : @小文兄O_o  这个比那个短一点 一天就看完了，那个讲电竞的很多对职业比赛的描述，这个也很甜，这个讲女主角重生后就去勾搭小弟弟了 哈哈哈,<微微笑_b_b>: 回复 @甜文少女 : @小文兄O_o  这个 看到天亮,<咖喱给gay_y>: 回复 @阿加西的小甜心 :求资源,<大郑氏哈哈哈>: 奢婚啊啊啊啊啊啊!!尹灿灿,<--ZHENG-->: 回复 @甜文少女 :怀念,<与柚>: 回复 @甜文少女 :不太好看啊...,<伶叹>: 回复 @李李李李李王奇 :最喜欢这本[二哈],<尹rourou>: 回复 @甜文少女 :图片评论  http://t.cn/RougieI,<小新他姐_>: @淡淡的198703,<你说我说你说我说啥>: 回复 @甜文少女 : @素手浣花owo  游戏狗，两晚看完觉得还行，虽然后期感觉很草率,<-路痴少女>: 回复 @甜文少女 :这个真的好看！！心疼秦景,<吴winnie彤>: 回复 @___无某某 :超级好看真的，我反复看了很多遍,<魔法少女deer>: 回复 @l柠檬心l薄荷情 :哈哈哈哈哈哈哈哈，想看,<CONEYxiao雅>: 回复 @甜文少女 :超级超级超级好看的这个！！,<ZR_mango>: 回复 @甜文少女 :一定要认真评一评 我之前在另一个合集下面看到的推荐 就去试了 一开始看的真的很辛苦 因为女主看起来实在有点没脑子 但是耐不住吃饭没东西看 就勉勉强强的撑下去了 后期发展竟然还不错 熬过了四分一的地方 后期还说值得看的 不算强推 但是还是可以的 女主好像和撩人没有什么关系[拜拜],<-Asasy>: 回复 @甜文少女 :求一波网盘！,<啊啊啊啊啊嚏v>: 回复 @-Asasy :已经发给你咯[爱你],<-Asasy>: 回复 @啊啊啊啊啊嚏v :求网盘阿！仙女,<Huhu-sams>: 回复 @外太空的小木槿 :对哇对哇！！甜炸！,<外太空的小木槿>: 回复 @Huhu-sams :超级甜,<小公主呆>: 我推一本《美人局》,<我是你的_5208>: 回复 @甜文少女 :挺好的，变态,<李开心_619>: 回复 @啊啊啊啊啊嚏v :[爱你],<啊啊啊啊啊嚏v>: 回复 @李开心_619 :已经发给你了哦～[爱你],<李开心_619>: 回复 @啊啊啊啊啊嚏v :同求一波儿网盘[害羞]谢谢,<R_vonne>: 回复 @一个可爱的肥美少女 :哈哈哈哈徐微雨，是顾西爵的 满满都是我给你的爱,<苏灵DIans>: 回复 @甜文少女 : @Tianges_  这个小说超好看！甚至还有微博线上互动！,<疯疯疯疯疯子就是wuli疯疯>: 回复 @甜文少女 :看了一点，实在受不了女主性格，打算弃了,<无衣也好与子同袍>: 回复 @我是小仙女夏夏呀 :酒小七的我都推荐给你哦,<啊啊啊啊啊嚏v>: 回复 @赵阿蛮BaLa :已经发给你哦～[爱你],<赵阿蛮BaLa>: 回复 @啊啊啊啊啊嚏v :同求网盘谢谢仙女！,<我是小仙女夏夏呀>: 回复 @无衣也好与子同袍 :男女主的人设超棒,<Vampirexinxin>: 回复 @八九小仙女 :然而也都虐的飞起是嘛，,<八九小仙女>: 回复 @Vampirexinxin :那不存在的，都很好看,<Vampirexinxin>: 回复 @八九小仙女 :……，那别的看来不用看了，,<Vita丶貓了个咪>: 回复 @退堂鼓种子选手的话唠po :这本好看，中篇，以前实体书好像是叫小魔女穿越记？[二哈]反正看了好多遍都不厌,<无衣也好与子同袍>: 回复 @我是小仙女夏夏呀 :皇后无德超好看的]
6077588122	整理一波男主很温柔的小说合集，码住放假在家看。 ​​​	[<捡到五毛黑>: 回复 @甜文少女 :看这本书以前我的理想型是谢小候爷和诚哥 看完以后只有艾景初，这本书给人感觉是淡淡的爱，没有甜的过分而枯燥 大概是因为有些是作者身边的事感觉很真实 希望上天能赐我一个艾景初🙈 这本书在JJ上面锁了，我看的盗版 本来想买实体书结果已经绝版 不过还好要再版了 推荐买来看,<大傻叉的小仙女>: 回复 @甜文少女 :不喜欢这个,<每天带结婚证上班的薄靳言Boss>: 回复 @甜文少女 :觉得最温柔的男主就他了,<逍遥游o>: 回复 @甜文少女 :沉香如屑,<努力努力超努力x>: 回复 @甜文少女 :为太子狂打call！！！,<穿红衣的小燕子>: 回复 @王大锤有只大白猫 :作者有写…在很后面的地方…男主也是对女主的声音一听钟情…,<皮卡敏>: 回复 @UhKoibito :你认识我？,<葡萄葡萄不甜>: 回复 @一见倾甜 :啥 为啥我没有番外[疑问][疑问][疑问][疑问],<葡萄葡萄不甜>: 回复 @甜文少女 :我想要番外[悲伤][悲伤][悲伤],<客官就别乱来了啊>: 回复 @甜文少女 :为顾平生爆灯！,<wuli_MMMYI奕>: 回复 @甜文少女 :我们容景真的太太太好了,<wuli_MMMYI奕>: 回复 @甜文少女 :啊啊啊 还没看 虐吗？,<祷歌染染>: 华胥引，慕言苏誉,<R_vonne>: 回复 @甜文少女 :这个的广播剧也很良心，曾经一度是我考试周的精神食粮[允悲],<末末末末末姐>: 回复 @甜文少女 :我曾经看了这部小说，去搜CCTV纪录片来看。。。。。。。[污][污][污],<Nanciashion>: 谁说我不爱你温景梵随安然,<Yummy-X>: 回复 @kakonka :看哭！,<Yummy-X>: 啊啊啊啊啊啊 那个唐家三少是什么名字了   我真的爱得不行,<Yummy-X>: 回复 @爱美斯y :丁墨的所有文我都看了  脑洞很大  但是真的很棒,<疼自己再疼TA>: [doge][doge],<晓钰文静秀气>: @-ZGJ-   玛着看,<瘦到82斤改昵称>: 回复 @甜文少女 :看完了  其实我觉得[二哈][二哈]这文笔挺小白的……,<捡到五毛黑>: 回复 @甜文少女 :感觉文章内容很寡淡，没有什么起伏啊,<DAXIAODUAN>: 回复 @甜文少女 :就是看不下去了，不知道为什么,<DAXIAODUAN>: 回复 @甜文少女 :啊啊啊啊啊啊啊我的乔裕呀,<DAXIAODUAN>: 回复 @甜文少女 :何苏叶呀！！！！！谁能比你更温柔,<酸奶不带酒>: 回复 @甜文少女 :看了很多很多遍了,<他说他爱每个你>: 回复 @甜文少女 :国家欠我一个徐莫庭,<叶修身后的苏沐橙>: 回复 @零陆阿呆 :我也是啊。。。。。怎么办啊。。。。,<你说1127>: 回复 @林深即见鹿 :忘记回复了,没关系啊,我可以分享你啊[笑cry][笑cry][笑cry][笑cry],<西柚味的泡芙>: 回复 @甜文少女 :温景梵一生推！！！！,<何喜悦>: 回复 @甜文少女 :平生一顾 至此终年,<HunHannim>: 回复 @甜文少女 :这个文案最后一句…总觉得眼熟但好像不是这篇文的,<殷可爱阿>: 回复 @甜文少女 :温景梵太温柔了,<大芒果2333>: 《读心术》沈易也很温柔啊,<杀人途中>: 回复 @甜文少女 :好看到炸裂！！,<朱红Zero>: 回复 @萧尹啊 :如若有你，一生何求 让我爱你，永远为期 若你不弃，此生不离  http://t.cn/RoUyDru,<萧尹啊>: 回复 @朱红Zero :三部曲哪三部啊 只看过一生的,<冰亚七iii>: 回复 @甜文少女 :入了魔道，其他的真的很难看进去[泪][泪],<京酱京酱>: 回复 @小Liemon :好看,<小Liemon>: 回复 @京酱京酱 :没看过诶,<淡水煮茶茶亦香>: 回复 @甜文少女 :刚刚看完  好甜 倒数第二章两人分手看的胸口直疼 还好  岁月终究没有亏待他们[可爱][可爱][可爱][可爱][可爱],<童言TK->: 回复 @甜文少女 :用名字证明一波真爱,<llllan_>: 回复 @甜文少女 :因为这本小说入的古风，喜欢上的慕喊寒，慕总念白挺不错的，配音。。。。不知道[doge][doge][doge],<鱼鱼鱼鱼鱼yu-团子>: 回复 @甜文少女 :感觉有了宋先生一生无憾,<一个超级小小小小小小小小号>: 回复 @甜文少女 :手绘二维码那里超级感动啊！！！！,<庸庸庸人不自扰丶>: 回复 @甜文少女 :好看,<一颗海棠果>: 回复 @甜文少女 :宋先生！！！当之无愧的最温柔哇！！,<沉旻>: 回复 @甜文少女 :这本书是以慕寒为原本的吗？,<Flyingim>: 回复 @甜文少女 :这本好看,<祉安198>: 回复 @懿安 :我喜欢[心],<锦时言希>: 回复 @甜文少女 :看的时候哭惨了,<锦时言希>: 回复 @甜文少女 :宋清峥啊 真的超级温柔了,<刘大蜜Amy>: 回复 @甜文少女 :我也是！开始觉得看不下去！弃了四次文！直到有一天晚上突然又在看！一直看完！太好看了！哭的我啊！还好最后happy ending！推荐大家一定要耐下心看！,<徐大喵MIAO>: 回复 @甜文少女 :爱死了安宁说话怼死人的劲,<林深即见鹿>: 回复 @你说1127 :工作了就看的少了。也没有精力去找好看的。那你的百度云肯定比我的厉害。]
6077588122	#网文回忆杀# 你看过的小说里，有哪些很好听的名字？ ​​​	[<东西什么>: 回复 @丐大花 :[爱你][爱你][爱你][爱你],<luhanosh4777>: 回复 @溯鱼的确是诚信肥宅 :就是文太少了！,<luhanosh4777>: 回复 @伏笔er :韩商言！,<luhanosh4777>: 徐莫庭！陈季珽！,<只吃一碗陈遇白的已晚>: 陈遇白[心]安小离,<Boomhran>: 回复 @辛百年 :容垣啦[兔子]和莺歌，十三月太虐了，但好喜欢,<溯鱼的确是诚信肥宅>: 回复 @起名字好麻烦啊还是算了吧QAQ :百度一下就有啊,<起名字好麻烦啊还是算了吧QAQ>: 回复 @溯鱼的确是诚信肥宅 :有没有百度云链接,<五月游泳的鱼>: @骆落最爱蓝胖子,<耂虎的那个王>: 乔谨言，乔锁，阿瑾，,<鬼马_Baby>: 回复 @李我她他 :言希的言 言希的希,<大写加粗字母C>: 回复 @xixi_Cecilia___ :啊啊啊啊啊打开就知道肯定有人说这个！看到都要酥了,<喜二滋>: 回复 @WHALE_HALL :东奔西顾系列,<WHALE_HALL>: 回复 @喜二滋 :求书名,<一生一个杨幂薛之谦>: 谢乔 赵默笙 绿篱,<奔袭的麋鹿>: 回复 @李我她他 :[哆啦A梦无奈][哆啦A梦无奈],<达可dake>: 没人觉得黎吧啦很好听吗,<D-茶朵朵>: 莫南爵啊[害羞][害羞],<TT鬼神大人TT>: 容景[心][心][心],<戳爷是我的小可爱>: 回复 @笙翟- :这个才应该是第一,<酉昔与茶>: 回复 @小刘海-- :好好听！感觉可以留着当宝宝名字了 姓白的我好开心哈哈哈哈哈,<酉昔与茶>: 回复 @阿鹿的迷妹_ :哇靠 感觉可以留着当宝宝名字啊啊啊啊啊我姓白啊啊啊啊啊这个好友sense啊啊啊啊啊,<是崔胜铉啊1104>: 顾辞远，宁泽川，莫天赐[心],<熊猫儿吃竹子>: 回复 @-YYY-Hosoo :要知道一都写了那么久。好像八年吧,<-YYY-Hosoo>: 回复 @LiiiiinNIIIeeeee : @熊猫儿吃竹子  真的哎，2还没出来[允悲]我都快毕业了,<-YYY-Hosoo>: @熊猫儿吃竹子  把喜欢的名字都赞了一遍哈哈哈哈哈,<沈南瑾>: 等不到天亮等时光[心]时光[心],<一身仙女_味>: 回复 @于末以乐悠悠 :啊啊小季叔叔,<一身仙女_味>: 回复 @给我一只熊可爱 :程落薰,<皮卡乓乓乓乓_AllenSu>: 回复 @花香过季- :哈哈哈哈哈哈哈,<花香过季->: 回复 @皮卡乓乓乓乓_AllenSu :十一十一！ 好激动啊 能翻到这个 墨玦 墨晔 ！！！,<_小墨子_>: 回复 @风遇之之 :晚 吟[doge],<_小墨子_>: 回复 @你好一杯冰激凌红茶去冰半糖蟹蟹 :骆闻舟这个名字真的太好听了,<_小墨子_>: 回复 @一只甜阿阮 :明月清风,<_小墨子_>: 骆闻舟 温客行（客路青山外，行舟绿水前）魏无羡 江厌离,<青城殿下810>: 回复 @侬本莲花 :有这本书的txt吗，想看看[可怜],<Super饭饭帆>: 回复 @最近爱吃车厘子的达拉狐狸 :什么小说？,<长白某>: 一碗凉水 生不逢时 沈凉生,<青铜无边>: 回复 @為戲入迷我也一路跟 :苏沐秋喻文州黄少天周泽楷韩文清张佳乐我真的觉得这些名字超棒啊,<那个女生叫许希微>: 程铮[心]程陆扬[心]陈慕白[心],<痴汉9>: 顾西烈 姜河 江海,<迷宫GONG>: 回复 @杯中不窥人 :嗯[吐舌头][吐舌头]我记错了 脑子进水了,<-你真聪明->: 《辰楠旧事》顾辰西/夏楠《他笑时风华正茂》池铮/孟盛楠《我等你，送我一片刹那芳华》韩愈/师说《谁说我，不爱你》温景梵/随安然《橘生淮南·暗恋》盛淮南/洛枳《最好的我们》余淮/耿耿《流年默相思》沈流年/路心和《一个对角线的距离》瞿尧/林方维《她的小梨涡》谢辞/许呦《宠你入怀》乔煜/夏彤,<-你真聪明->: 韩愈——师说 #我等你，送我一片刹那芳华#   @小杜南星,<-你真聪明->: 温景梵——随安然。,<娴鱼_>: 怎么没有诚哥呢！,<莲若梨音>: 回复 @苏苏慕离 :还有appledog[可爱][可爱][可爱],<杯中不窥人>: 回复 @迷宫GONG :3800多吧？,<杯中不窥人>: 回复 @Fancy有一坨啊 :+1,<小哥哥的wifi>: 谈书墨 赵水光[心][心][心][心][心],<上邪lovey>: 回复 @老张_我叫周小洁 :喜欢。]
6077588122	你看过的小说里，有没有哪句话让你印象最深刻？ ​​​	[<黑眼镜片儿>: 你特别好，我喜欢你。,<只会吃的酥尔尔w>: 回复 @凉心不是凉心的蓝胖子 :没事[太开心],<凉心不是凉心的蓝胖子>: 回复 @只会吃的酥尔尔w :谢谢[微笑],<只会吃的酥尔尔w>: 回复 @凉心不是凉心的蓝胖子 :星零的,<只会吃的酥尔尔w>: 回复 @凉心不是凉心的蓝胖子 :上古,<云归落霞>: “滚滚，我是你父君”——《三生三世枕上书 终篇》最后一句，东华帝君对白滚滚说的，被甜化了[太开心][太开心],<xixi_Cecilia___>: 回复 @小姐姐改名了 :真的吗？期待[憧憬][憧憬][憧憬],<豆芽儿儿>: 有没有人看过《满身风雨你从海上来》,<冷乾隆的冰山妻>: 回复 @是卜子怡啦 :对啊[哈哈],<秋水涵空南小漓>: 回复 @艳阳月光 :我也是，容垣说：“那她一定很疼”的时候，我心都要化了……,<秋水涵空南小漓>: 回复 @Halo_老街旧人 :哪怕这本书是抄袭的，我还是很喜欢，甚于被抄的书。很不对的想法，但我就是喜欢w这本书。,<秋水涵空南小漓>: 回复 @尚书归 :温衡是温家的温，云家的衡，言家的温衡[心],<初夏初晴天>: 　　“你心里的委屈，不管是谁给的，都由我来负 ___黑白,<杨时828>: 程迦彭野 周遥骆绎[心][心],<杨时828>: 回复 @一名婴儿 :啊超喜欢这段！！,<杨时828>: 因为。。他知道风 从哪个方向来,<故事怪人>: 是我先遇到她的。——《海上繁花》雷宇峥,<连欣ovo>: 回复 @旺财爷爷 :这本是什么 好像看过,<凉心不是凉心的蓝胖子>: 回复 @只会吃的酥尔尔w :这是什么书啊,<是卜子怡啦>: 回复 @冷乾隆的冰山妻 :这个超赞,<579蹦哒>: 回复 @刘英俊的考儿 :重生之将门毒后！！！！,<橙月酥>: “吾辈回了无垠地狱又能怎样……他们也都不在了……吾辈再也无法听到金蛉公主说话，也无法陪长溪喝一杯酒……吾辈最近总在想以前的事，金蛉那么痛苦也总露出笑容，长溪为了一个陌生人甘愿付出性命，是因为他们都懂得，再漫长的生命有尽头才叫圆满。吾辈……已经够了。”,<有美人兮V51981>: 欲成大事者，至亲亦可杀。 最后说这话的人，被至爱给扎了[并不简单],<OHMYDEAR_>: 你不是夏弥 你是耶梦加得,<太君是小舔屎>: 回复 @linxiaoqing95923 :最喜欢的,<太君是小舔屎>: 回复 @郎秀才 :世上安得双全法，不负如来不负卿。,<比你还要讨厌自己>: 回复 @wy_吴佳人 :对对对！看到你这条特激动！西门！,<起名字什么的真麻烦呀>: 我爱你，以我全部的智慧和生命,<炸子鸡琦啊啊啊>: 回复 @Hey-ManMan :这是那本小说,<很酷很酷的17岁>: 回复 @一名婴儿 :什么剧[可怜][可怜][可怜][可怜],<炸子鸡琦啊啊啊>: 回复 @神奇的大大大魔王 :魏星沉,<炸子鸡琦啊啊啊>: 回复 @张家族长夫人 :还好我没害死你戳中泪点,<炸子鸡琦啊啊啊>: 回复 @简单点VVV :海因挚爱,<炸子鸡琦啊啊啊>: 回复 @今天王俊凯拍吻戏了吗 :长相思很喜欢相柳,<炸子鸡琦啊啊啊>: 回复 @Me_酷先生 :这是啥书,<是扶苏i>: 回复 @炸子鸡琦啊啊啊 :摸摸小可爱[鲜花][鲜花][鲜花],<炸子鸡琦啊啊啊>: 回复 @永远18岁的美少女徽 :红楼梦,<炸子鸡琦啊啊啊>: 回复 @瑜生生的美人猫遇见了爱情 :上瘾,<炸子鸡琦啊啊啊>: 回复 @郎秀才 :不负如来不负卿,<炸子鸡琦啊啊啊>: 回复 @陌上人如玉-容景 :超爱陌上人如玉  公子世无双,<炸子鸡琦啊啊啊>: 回复 @潕魘唯孃 :爱上F君,<炸子鸡琦啊啊啊>: 回复 @傲娇的徐徐X :哑舍啊啊啊,<炸子鸡琦啊啊啊>: 回复 @是扶苏i :看到这句快哭了,<炸子鸡琦啊啊啊>: 陆青衣的青  程澄城的城,<A可心心心>: 我所钟之人，名唤上古，只不过正好是这一界之主，三界真神罢了。,<-NINE-圆>: 回复 @他眼里有星光满地 :就是这句。。初三那一整年我的个性签名[泪][泪][泪][泪],<惊鸿吴世勋>: 回复 @Y小白two :江澄与狗愁对眠[笑cry],<惊鸿吴世勋>: “蓝湛，看我，快看我！”如当年一般，魏无羡笑着叫他了，他也看过去了。从此，就再也移不开眼睛了。,<嗷嗷嗷都说了是小仙女啊>: 回复 @两颗曦柚 :超爱这个啊啊啊啊,<嗷嗷嗷都说了是小仙女啊>: 回复 @Crystal莹99 :我就说怎么可能没有亿万!!!,<片寄五月天>: 回复 @ljy_Yep :我也 接受不了 而且我看完了 其实并没有那么好看吧我觉得 get不到点,<小姐姐改名了>: 回复 @xixi_Cecilia___ :今年出哦[憧憬][憧憬][憧憬],<片寄五月天>: 回复 @89哥89 :林屿森[心],<短衫68608>: 回复 @木子澧ly :谢谢,<捕捉一只二傻子>: 我一见到他 就连自己姓什么都忘了,<未婚螃蟹>: 回复 @潕魘唯孃 :16岁时我们共用一个课桌，胳膊与胳膊相距不过十厘米，我的余光里全是他。26岁时我从清晨醒来，侧头看到阳光落在他脸上，想与他就这样慢慢变老。也许这就是爱情吧。]
6077588122	整理了那些被名字毁了的好看的小说合集。 ​​​	[<Etant_Assidue_Et_Confiante>: 回复 @豆芽菜下的小南瓜 :你的奇怪癖好，喜欢有耳朵，有尾巴啧啧啧[机智][机智][机智],<豆芽菜下的小南瓜>: 回复 @chloe_kxy :几条尾巴记不清了，但是有耳朵嘤嘤嘤,<Etant_Assidue_Et_Confiante>: 回复 @豆芽菜下的小南瓜 :九条尾巴的那种？,<豆芽菜下的小南瓜>: 回复 @chloe_kxy :不，男主是个狐仙[doge],<吻晚风l>: 特工皇妃，皇上我要废了你[污],<Etant_Assidue_Et_Confiante>: 回复 @豆芽菜下的小南瓜 :姓如？！666,<豆芽菜下的小南瓜>: 回复 @chloe_kxy :我想起了男人如炉鼎[看看]当年看到这名字一脸卧槽结果最后看了好几遍,<叶子kakami>: 回复 @王先生的老派浪漫 :微微一笑很倾城[doge],<叶子kakami>: 回复 @甜文少女 :最开始我喜欢厉爵斯的,<叶子kakami>: 回复 @甜文少女 :我看小说的开始是第二部，然后，从此[允悲][允悲][允悲],<叶子kakami>: 回复 @甜文少女 :高中看了整个系列[允悲][允悲][允悲]精彩的是全部串起来的故事,<爱吃冰淇淋的大狸子>: 回复 @甜文少女 :我一直以为男主会好起来，结果并没有,<爱吃冰淇淋的大狸子>: 回复 @甜文少女 :他打了女主，他还让别人打，女主斯哥德尔摩,<精神崩溃体>: 回复 @甜文少女 :卧槽？我家爱华取得这名非常特别 都有来历的好吧…,<XI水长流吾XI最棒>: 回复 @甜文少女 :其实两对主要的并不是很喜欢，喜欢墨家的几对......,<hi阿楚姑娘>: 回复 @甜文少女 :好看，疯狂打Call,<鹤赋>: 回复 @甜文少女 :这个真心觉得换个逼格高点的名字会成为经典,<少女与咸鱼>: 回复 @甜文少女 :阿离,<-余七i>: 回复 @甜文少女 :这些天子笑可终于有人与我共饮了,<屿喵笙啾妍Yi>: 回复 @甜文少女 :这个很好看，没毁,<屿喵笙啾妍Yi>: 回复 @甜文少女 :L＆G,<Upwinter>: 回复 @神奇宝蛋biubiubiu :都是同道中人啊[允悲][允悲]初中的黑历史,<暮暮啊_>: 回复 @甜文少女 :谢景行🙈🙈,<谁说大清亡了>: 回复 @甜文少女 :为墨谦人打call 耳尖会红什么的太惹人爱了！！！我爱沐如岚！！！！,<kiyomi婵>: 回复 @甜文少女 :初中三年每年都要看一遍！！好多年了啊 为厉爵风打call！！！！,<肥鹤奶粉>: 回复 @芒果不太酸 :哈哈哈哈哈哈哈哈哈哈易烊千玺还是我心中的陈遇白no.1,<Etant_Assidue_Et_Confiante>: @豆芽菜下的小南瓜  看名字感觉很适合你hhhhh,<只陈伟霆三字道尽余生>: 重生之天才神棍。哦草……这么狗的名字我为什么要看？！讲真……这本小说三观贼正以至于改善了我不正的三观！男主不爱说，但是对女主超好。文主风水易理，推！！结局有点美中不足，具体说不上来，但是丝毫不影响全文美感！这算是我这么多年留下为数不多的bg文……,<阿宅BB>: 回复 @甜文少女 :这个我看了好多遍特别喜欢,<starlight轩>: 回复 @甜文少女 :百看不厌，书荒就看，我歌大的书都是这样，喜欢的就爱到不行，不喜欢就看不下去，所以，大家看了再评价吧。毕竟每个人口味不同[笑cry],<十嫦>: 回复 @甜文少女 :荣西顾！妈的就为荣西顾这一个人！,<wEndY_Yong>: 回复 @甜文少女 :这本和暴君我来自军情九处个人都觉得一般,<wEndY_Yong>: 回复 @甜文少女 :我也想说这个的hhhhhhhhhh，曾经推荐给朋友她说名字听着就不想看[笑cry][笑cry][笑cry],<赵小真呀>: 回复 @甜文少女 :这个真的看了好多好多好多遍,<背锅王金泰妍>: 回复 @甜文少女 :给谢景行沈妙爆灯！！！！,<看看我ID>: 回复 @甜文少女 :哈哈哈哈我就知道有魔道,<糖炒栗子vision>: 我觉得柳暗花溟的书名都挺尴尬的[笑cry][笑cry]但书都很好看，我和神仙有个约会啊，姐姐有毒，我的手机能见鬼等等，每一本，思路都很清奇，但都很！好！看！,<尹若浅风>: 回复 @姓卷名卷 :what,这么虐居然，我觉得老师内心绝对已经爱上她了,<五月病晚期患者放弃治疗>: 回复 @尹若浅风 :我也不大记得清了，好像是说老师跟她在一起是骗她的，是为了报复谁,<焉知柳宅深棠汝>: 回复 @甜文少女 :看了80%看不下去了[允悲],<Tz-5_W乐乐乐>: 回复 @老薛的小旋风 :良陈美锦和知否知否都遇到男主后很甜哇,<尹若浅风>: 回复 @姓卷名卷 :结局是什么，我没有买到最后那一本，连载的书真的很麻烦,<老薛的小旋风>: 回复 @Tz-5_W乐乐乐 :其实我觉得我看文的话就是看一些高甜的文，我个人不是很喜欢虐文的qwqqq,<五月病晚期患者放弃治疗>: 回复 @尹若浅风 :看洋葱心.陌生人第一章的时候还以为是喜剧呢，结果结局那么悲,<羡羡家的陈情i>: 回复 @甜文少女 :因为名字拒绝了安利……结果书荒自己挖出来了……欲罢不能后悔死我了…,<羡羡家的陈情i>: 回复 @甜文少女 :我能说我没被名字坑…但书名成了我安利同学的一大障碍吗……宛如天堑啊摔！！,<山花胜铉妻>: emmmmm 纯情丫头火辣辣,<吸鸦>: 回复 @甜文少女 :男主打女主诶 太他妈不要脸了！,<1996双鱼>: 回复 @甜文少女 :这个好看,<你的Lomo>: 回复 @甜文少女 :看了前面有些小虐啊,<夏草草->: 回复 @甜文少女 :看过最长的小说，没有之一[二哈],<吴世勋研究所>: 回复 @甜文少女 :这个也还是有甜的,<源源源源少真帅>: 回复 @甜文少女 :魔道祖师原名《重生之极品祖师》[doge],<你的猫好可爱啊>: 回复 @甜文少女 :小妮子是小学回忆了吧...,<世界上最垃圾的李二狗>: 回复 @甜文少女 :名字其实起的很好 但是没看之前真的以为是玄幻修仙文...... 比如我[doge],<星日马的星>: 回复 @甜文少女 :女主是真的作 不过蛮好看,<庭谡>: 回复 @甜文少女 :秀秀：我不要脸的啊……[并不简单][并不简单][并不简单],<海贼可乐王>: 回复 @芒果不太酸 :看了这本书会不会对易烊千玺无法自拔[允悲]]
6077588122	那些先虐女主再虐男主的小说合集，激动。 ​​​	[<一只狗的生活意见best>: 回复 @甜文少女 :挺好的，就是后面情节有一点点快了。,<一只狗的生活意见best>: 回复 @甜文少女 :表白量哥,<羽衣>: 回复 @甜文少女 :！,<qutetl>: 回复 @WASABIYM :似瘾,<仙桃给你吃吗不给你想太多了>: 回复 @甜文少女 :没有人为叶权哥爆灯吗[doge],<精神崩溃体>: 回复 @甜文少女 :其实我宁愿女主一个人生活 和男二在一起算怎么回事,<精神崩溃体>: 回复 @甜文少女 :看了第一遍 不敢看第二遍 男主的确很渣 很虐 全程哭着看完 当我看到男女主女儿死的时候 我就明白肯定be了 但是男主说贺太太 我疼的时候 我就原谅他了 真的好虐啊啊啊啊啊,<肥佳_slow>: 回复 @甜文少女 :啊啊啊虐真的虐,<肥佳_slow>: 回复 @甜文少女 :虐到死[二哈],<一只腿毛子>: 回复 @MMMMMMMMAIDAO :我也没看懂……,<胡子小姐想变白>: 回复 @喜欢的名字都有人用 :蛇那一段心理阴影，就弃了,<胡子小姐想变白>: 回复 @甜文少女 :大爱黑颜,<胡子小姐想变白>: 回复 @甜文少女 :学生时代跳着看，这本书看了好多遍,<胡子小姐想变白>: 回复 @甜文少女 :女主死了真的，男主要结婚还去通知，妈的,<肥佳_slow>: 回复 @甜文少女 :就是后面很乱,<肥佳_slow>: 回复 @甜文少女 :这个还蛮好看的,<最萌的大兔砸>: 回复 @你妈卧槽 :[二哈]对啊，虽然有点水，但的确是虐的不行,<你妈卧槽>: 回复 @最萌的大兔砸 :我当初看一的时候觉得虐，然后还跑去看二，二真的虐到不行,<西柚味的小鲸鱼>: 回复 @甜文少女 :当年初中的时候看的  我记得在连城上看的  看的时候我在怀疑人生 我为什么要去看这本书  非常的操蛋[二哈][二哈][二哈],<红与驴与绿鲤鱼与鱼>: 回复 @秦王他被荆轲刺了 :我看过这个，看到这个作者名字的时候我愣了下，好久的文了,<JJK田柾国JJK>: 回复 @平屿 :[允悲][允悲]我看过男二上位的霸道总裁文。。我都不敢相信[允悲][允悲],<XX非矫情>: 回复 @甜文少女 :哭到抽搐[允悲][允悲][允悲],<双仔啊>: 回复 @甜文少女 :这个看了老子气到缺氧[微笑]  http://t.cn/RKC9XK4,<丢就丢only__me>: 回复 @我要变成小怪瘦 :好像是姓陈[笑cry],<阿宅BB>: 回复 @甜文少女 :这个小说我印象深刻在看的小说中属于清流没那么多作妖真实温暖,<婚戒戴在无名指上>: 回复 @一枚红彤彤的少女呀 :凤求凰从头到尾都在虐男主[悲伤]哦不对，是他自虐,<我要变成小怪瘦>: 回复 @丢就丢only__me :我也看过，但是忘了，男主好像姓陈吧,<这个一個莘>: 回复 @甜文少女 :haokm,<这个一個莘>: 回复 @甜文少女 :小叔，我把自己流放了,<姻不是欣和烟>: 回复 @甜文少女 :终于看到了推这个的，很好看。,<林黛玉的同桌鲁智深88255>: 回复 @甜文少女 :我超级喜欢这本书的说！我觉得很真实，曾经相爱到结婚的两人后延续的不是童话，而是真实的婚变和离异。但是同时这本书又是一本童话，毕竟男二这种人在现实生活中也是可遇不可求的存在啊！！也算是有一本书满足了我女主和男二在一起的愿望。[心],<刘阿露露>: 回复 @心眼大人 :啊？我不是山东的啊，剧情差不多，将就看吧,<心眼大人>: 回复 @刘阿露露 :不是势均力敌，不知道她说的是哪个，但肯定不是势均力敌，长宇宙的    [doge]  果然，我们山东人爱倒装句,<VI_myeverything>: 回复 @甜文少女 :我觉得这本小说没毛病，但男主的死确实有些可惜，一般来说他经历了情伤后面可能又是另一本言情小说,<GIRAFFEblue_>: 回复 @求之不得的窈窕君子 :是的剧情好爽啊，又虐又甜又虐回来了[允悲],<hey-hwj>: @赵雯等你    @晨晨晨Libra,<桑榆时晚>: 回复 @西瓜甜掉牙 :我想要免费的,<我今天还饭爱豆吗>: 回复 @给我唱首怪情歌 :一点感觉都没有，我是怎么回事[允悲],<求之不得的窈窕君子>: 回复 @GIRAFFEblue_ :[允悲][允悲]可是文笔真的不怎么样，不过剧情实在太给力了无尿点那一种,<GIRAFFEblue_>: 回复 @求之不得的窈窕君子 :哇我今天看了这个安利回来报道，好看！！！晚上写高数都写不下了,<Attention______>: 回复 @Yux_xxx :[拜拜][拜拜][拜拜],<Attention______>: 回复 @糊糊是我啊 :哈哈哈你好可爱呦,<VI_myeverything>: 回复 @甜文少女 :热评都是骗人[摊手],<胡童童>: 回复 @冉妖妖ID :杯具女王啊完全符合一模一样  http://t.cn/RKxkWdQ,<yyymy516>: @Cathy_NDTTT,<ininlin>: 回复 @一枚姜肉肉 :好啊！！！,<萌软稣>: 回复 @ininlin :我两本都找到了……有点迟。你要不要?,<萌软稣>: 回复 @Seazeal :我两本都有，要不要,<既然宣微起>: 回复 @甜文少女 :超爱[心],<一开始也只是想知道你的名字>: 回复 @-顾曲- :百里长安可以说是非常虐了,<棒棒Silvia>: 回复 @西瓜东饼708 :嗯嗯嗯,<用户5894873784>: 回复 @甜文少女 :卧槽这个真的太好看了 卧槽刚看完觉得心脏已经不行不行了 真的太好看了,<Lily-Huang6-6>: 回复 @Mooskii :[鼓掌],<Shannnne>: 回复 @甜文少女 :文笔很好 是我看过虐文里最合理 现实的了,<名品垂眼>: 回复 @甜文少女 :哈哈哈哈]
6077588122	今天发啥呢… ​​​	[<王不二01>: 回复 @佟小韩yu :就这么定了找不到百度云资源啊！！！[泪]泪奔,<回头依旧一个人>: 回复 @婊博主_ : @来陪妲己玩耍叭,<JINYANADA>: 回复 @qualities-Better :百度云分享[doge],<Nkkkr>: 回复 @蝶-泪- :《萌妻高高在上》好看[羞嗒嗒],<Nkkkr>: 回复 @浪味瘦仙子 :《她的小梨涡》,<Nkkkr>: 回复 @就算死你也是个死胖子 :《她的小梨涡》爆炸好看！,<許有病>: 我需要电竞文，自从有了我诚哥,<在你怀里打个滚>: 回复 @喂鱼Counterflow_ :还分享吗？,<停机了瘦马>: 回复 @停机了瘦马 :先甜后虐的，结局无所谓,<别说你多好>: 求黑道文[思考][思考],<咖啡杯里的茶r>: 末日机甲！外星来客！各种面瘫女强文！！！,<熟男呐喊>: 回复 @o3o一只羊 :同we中毒,<尔遇_>: 回复 @小小小小Wang- :只为你进球啊！！！老夫的少女心啊[好爱哦][好爱哦][好爱哦],<飞上月球的泡面>: 额 有人看百合文么[笑cry],<後舛>: 想看女主生完娃后失忆男主一个人带娃的哈哈哈哈哈哈哈,<Xeryne_>: 想看童养媳类型的,<精分少女陈>: 回复 @精分少女陈 :[允悲]有人推荐嘛,<精分少女陈>: 回复 @精分少女陈 :顶,<精分少女陈>: [允悲]求推荐好看的未来机甲女主文…因为比较冷门，很难找到好看的,<MacLeod>: 最近超想看..人妖恋...或者是仙人恋...的文a...在各大网站上一直就找不到好看的...话说禁锢文也想看看a....,<天气不错撒拉黑>: 难道没有人和我一样 想看女尊文吗[眼泪],<易娆Yao>: 要那种高贵优雅的强苏文 还能笑出声的那种[二哈],<lilyxiaopengyou233333>: 现代人鬼的！！！,<哦豆开>: 想看那种   师傅养大徒儿，师傅一脸冷清，徒儿霸道或黏腻,<逯逯姑娘>: 回复 @情不鍀语 :谢谢，哈哈,<月月十五>: 回复 @婊博主_ :逃脱，师傅不要啊，媚媚的性福生活，魔魅，三人成狼，媚者无疆。 大多了懒得写了,<情不鍀语>: 回复 @逯逯姑娘 :重生之缘来是你,<李渣渣就是我>: 男主先是弯的，后面被掰直的[doge],<Ruiiiiii_v>: 回复 @芋头不想喝茶想睡觉 :也求推荐几本这样的[眼泪]没看过，感觉很好看的样子,<今天自律了嗎Yuki>: 吸血鬼或者西方玄幻背景的言情啊！[爱你][爱你],<山鬼_Di>: [doge]  能发超爆笑的穿越文么,<非主流大头子>: 想看姐弟恋的[泪],<ASCE1520>: 回复 @壹甁芝華仕 :快穿之职业扮演,<椰梨呐_>: 忠犬男主！或者那种女主身份地位比男主高！,<壹甁芝華仕>: 回复 @ASCE1520 :求同类型的！好看！,<JESSIEGUUU>: 回复 @喂鱼Counterflow_ :刚加了！还分享吗[污],<JESSIEGUUU>: 回复 @入骨镶红豆 :求求求！,<这个用户是假的Y>: 回复 @喂鱼Counterflow_ :我加了你去看看鹿晗那个,<道姑生于淮南>: 借楼，能不能来个一人一本成名作的合集啊，感觉会很精彩[喵喵] @甜文少女,<天山小小小童姥>: 求短篇！！！备考期间不敢开坑又想被滋润！,<薄荷爸爸污>: 啥时候可以发灵异言情文 [允悲][允悲]莫名很喜欢看,<o可爱的汉尼拨o>: 男住是黑道的霸道主人翁,<一点乔安酱>: 回复 @刘洲成大祖父 :绯闻女王倾城记！！！,<勛餅>: 求各路大大，找五年前看过一本小说：讲女主在法国好像，男主是外国人 ，男主的企业好像是关于水的依云（？），蓝色的封面忘记叫什么名字了[允悲],<--阿桃呐>: 回复 @谢姜戈的老婆林逸舟未婚妻 :对！还要那种最后be的！不然不爽[哆啦A梦无奈],<薄惺>: 美食！！！！或者科幻,<沉迷男色无法自拔日渐消瘦>: 回复 @黄佳莹比黄金加白银还贵重 :嘻嘻嘻嘻嘻,<JoyNull8366>: 求男高冷默默付出 女不理会无所谓知道男所做的一切巨感动 合体的文,<马老师家的七七>: 回复 @小小小小Wang- :花间提壶方大厨，可以直接看网剧，甜炸[doge],<obscuritylove>: 三角恋啊啊啊啊啊想看,<除了牛奶还有什么好喝的>: 回复 @依窗等风 :相思长梦河,<我的咸鱼分你一半>: 太子妃升职记[笑cry],<买个萝卜剁了切吧>: 男女灵魂互换！！！！！,<糯米长衫->: 越虐越甜的那种！！！,<不可爱小仙女>: 回复 @林玖xl :百度一搜一堆啊]
6077588122	整理了那些宠溺的伪兄妹小说合集。 ​​​	[<可爱的林被>: 回复 @甜文少女 :这本书男二真的很好啊,<hw63sampple小mo>: 回复 @甜文少女 :年龄大了，匪大的书没勇气看了,<我爱吃肉我姓鄂>: 回复 @甜文少女 :啥破玩意,<太喜欢了t>: 凉生我们可不可以不忧伤,<太喜欢了t>: 回复 @甜文少女 :一直是我心里的梗,<夏莹Mighty>: 回复 @甜文少女 :没有链接啊[泪],<SakuRa-CheNSY>: 回复 @阿斯嘉德唯一指定的基妹王后 :马克,<SakuRa-CheNSY>: 回复 @甜文少女 :马克,<二夫人的小老婆>: 回复 @ZHOU_FRY :和我经历一模一样 只是我一直不敢看第二遍[悲伤],<谈书墨xzr>: 回复 @Suri_mx :女主作到不行，感觉作者是为了虐而虐,<Thefairy-Rui>: 致岁月迢迢[doge],<似水流年呵>: 顾安宁顾子朝[可爱],<好温暖->: 回复 @我就是一个丧 :小姐姐 求资源,<果子酒i>: 回复 @甜文少女 :贼好看。。。。。。！！！！！！！！！,<与珉绕花间>: 伪兄妹？没有【将军嫁到】？？我一个爆哭[二哈],<Moly以梦为马>: 回复 @甜文少女 :陆嘉学成了我心中的白月光[爱你][爱你][爱你],<十二月的二>: 回复 @甜文少女 :这个真的太好看了！当年把书看了好几遍！！！,<次歖>: 陪你到世界终结     …算嘛,<-陳楚倩>: 称职小宠物 童歌儿的,<向烤肉饭致敬>: 回复 @甜文少女 :男主和女主感情线略少[草泥马],<歇余>: 回复 @甜文少女 :整本书男女主感情戏只占10％[黑线][黑线][黑线],<礼与影>: 回复 @甜文少女 :这本真的好看！刷了不下五遍！强推！！,<乄鑀点点>: 回复 @晚上吃辣子鸡么 :停甜的,<大仙兔牙>: 回复 @李美儒Doris :我当时还买了书[笑cry][笑cry],<礻阝放>: 回复 @甜文少女 :就是受不太了男主以前有老婆……然后有喜欢的人……和女主在一起后又有好几个妃子……,<陈桉only>: 回复 @甜文少女 :以前看过。强推🤔,<RachelelRa>: 回复 @韩lInzi :一点都不虐啦...就是很甜很好看 我熬夜看到四五点看完的,<韩lInzi>: 回复 @RachelelRa :好的好的！！虐吗?,<RachelelRa>: 回复 @韩lInzi :强推！！好看的！！,<RachelelRa>: 回复 @韩lInzi :嗯嗯！很he！！,<韩lInzi>: 回复 @RachelelRa :he吗？,<韩lInzi>: 回复 @甜文少女 :结局确实仓促,<韩家的小Bailey>: 宠你一辈子  伍家格格,<阿阿阿阿衡呐>: 回复 @甜文少女 :就是喜欢阿[心],<喜暗STT>: 心头肉，红桃四的,<美少女葛葛>: 回复 @甜文少女 :虐到这么多年不敢看第二遍，虐中极品,<蜂蜜煎饼>: 回复 @甜文少女 :满月 我本来想带你去英国的 可是你不配,<咯罗咯>: 天亮了说再见[悲伤],<唐汐Calara>: 回复 @PABUCHAGI :但是《云虞之欢》是我见过人物关系最复杂的了[摊手]就这种带劲[笑而不语],<久纠旧>: 回复 @甜文少女 :啊啊啊,<久纠旧>: 回复 @甜文少女 :这小说看一次哭一次超级喜欢男主,<李青青爱你>: 记得以前看过一篇伪兄妹的小说，讲的是她母亲改嫁到另一家去了，带上了她，那家人有个儿子叫苏木，比她小六岁，后来喜欢她，记不得了，也忘了名字了,<在我身旁c>: 回复 @甜文少女 :最爱的一本小说但一直不敢再看，怕会哭死,<名字都给你用了我用什么>: 回复 @甜文少女 :这结局真的气哭,<蒲公音子>: 《致岁月迢迢》超好看，中间有点虐，不过结局是好的,<蒲公音子>: 回复 @甜文少女 :匪大的书是真的虐啊，以前看东宫就哭的稀里哗啦的。看爱情的开关，感觉心疼，特别压抑,<PABUCHAGI>: 回复 @芝士味的湉雨 :跟蓝色生死恋剧情好像一样的,<PABUCHAGI>: 回复 @唐汐Calara :芥末绿的小说感觉是一个类型的 不用看都能猜到剧情了,<开口子的板栗>: 回复 @超酷的爱丽丝 :暗欲,<山鬼孑孓>: 回复 @甜文少女 :内阁首辅其实没多大权势的,<给我一个饼666>: 回复 @小新不是小欣 :我也是看小说看近视的哈哈,<你的小牙精啊>: 《少爷要你负责》,<考拉昏昏欲睡>: 回复 @甜文少女 :甜死了！！！！n,<那个女生叫许希微>: 初晨，是我故意忘记你 算？,<陈凯歌的儿媳妇>: 有没有女主很有心机的小说,<天灰灰灰不灰_Stella>: 回复 @天灰灰灰不灰_Stella : @陌生陌笑,<抖S混蛋的歌舞伎町女王>: 回复 @甜文少女 :求资源,<youngyyyyyyy>: 回复 @不是说说而已wszr :悲的！！！！虐瞎！但是是好看的也不长！]
6077588122	盘点那些最好看的女主修真修仙小说合集。 ​​​	[<小白免与大能猫丶>: 回复 @甜文少女 :马克一下,<想和MrDarcy谈恋爱>: 回复 @二十六个人 :对！我特别喜欢这个，书和电影都刷了好多遍,<二十六个人>: 回复 @想和MrDarcy谈恋爱  的赞:傲慢与偏见？,<千东soo>: 有没有人看《师姐的剑》啊啊啊啊啊！,<ANGELINA-44>: 回复 @甜文少女 :不太好看,<香瓜香瓜啊>: 回复 @萤火夏日 :最近又更新了几章,<coco猫的微博>: 回复 @萤火夏日 :这个特别好看,<meiiweiiwang>: 回复 @古丰文 :那些人如果这种品德都怎么修到那个位置的 不符合逻辑啊,<古丰文>: 回复 @meiiweiiwang :对对对对对，不是针对这一本书啊，真的很多小说，配角的塑造太模板化了。完全是为了推动情节发展，生硬的塑造了这个人物出来。这些配角的行为不符合逻辑的，感觉不长脑子，没有眼色。可世界上的反派们，哪里是这样的呢。,<nicole张雅琴>: 回复 @甜文少女 :我记得是好看的,<nicole张雅琴>: 回复 @甜文少女 :和花千骨两部我都看了，好像，但是都不错。,<nicole张雅琴>: 回复 @甜文少女 :好看,<meiiweiiwang>: 回复 @古丰文 :而且除了女主 其他的女配大多数都没脑子 男配都小心眼 整个修真就这么个风气也太差了,<山丹丹那个红艳艳_单单单>: 回复 @西瓜的西23333 :终于翻到了！这个真的好看，强推！剧情严谨，不玛丽苏不拖沓，女主霸气有血性，男主默默陪女主一路打怪升级保护她，红枫用兵团讲义气贼暖,<能过过脑子在吭气麽>: #推文#  看看？,<沙子小丸子>: 回复 @olivelook :[嘻嘻],<olivelook>: 回复 @沙子小丸子 :讲不定你兴趣广泛,<沙子小丸子>: 回复 @olivelook :为什么艾特我这个,<我是隔壁老肖啊>: 回复 @甜文少女 :所以说这个还没有完结[允悲][允悲]看上眼了 不敢追啊,<南柱赫我男神233>: 回复 @祝祝祝祝祝清歌 :蛮好看的，虽然我没看完，我从初一还是初二开始看的，现在高三了，还没完结，9000多章崩溃,<南柱赫我男神233>: 回复 @萤火夏日 :超级好看,<绿豆芽别放豆芽>: 回复 @甜文少女 :三观不正啊这女主……,<-Ckaxxn>: 回复 @甜文少女 :中间打引号的莫名用喊麦唱了出来[允悲],<棠溪三卧>: 回复 @甜文少女 :真的特别好看！！！！！唯一一本看我五年以上的小说！！！！！！小学冬天窝在被窝里闷出汗都在看的！！！,<大星Lx>: 回复 @祖国的荤豆花儿 :刚看完，真好看,<一口一个猕猴桃>: 金手指女配修仙的日子，第二部叫 剑仙，飞翼写的，看过修仙里最好看的[二哈],<古丰文>: 回复 @甜文少女 :哪里好看了。从头到尾都在故弄玄虚，水文水的厉害，浪费流量。,<少说少烦多干正事>: 回复 @青玉wwww :是啊，不过最爱的还是这本[心],<青玉wwww>: 回复 @少说少烦多干正事 :云大的书都很有味道,<青玉wwww>: 回复 @甜文少女 :这个我超级喜欢,<珺珺jun__>: 夜倾尘 ！！！！！没人看过吗,<印象托妞子>: @我是小仙女呀___,<艾帘大>: 回复 @甜文少女 :修仙文入门,<艾帘大>: 回复 @甜文少女 :良心文    真心推荐不解释    快看快看！！！,<艾帘大>: 回复 @甜文少女 :360°托马斯全旋推荐！！！书荒时必刷！一定要挺过前几章！后面真是越来越棒！记得当初看完后文荒了好久    看别的修仙文完全看不进去    套路一样样儿的,<吾靖201706>: 一女御皇呀！！！！,<吾靖201706>: 回复 @巴巴罗萨海雷丁- :我翻了半天了，一女御皇我看了三遍[鼓掌][鼓掌],<人丑就该多读书_就酱>: 回复 @甜文少女 :[花痴][花痴][花痴],<元宵与猫>: 回复 @甜文少女 :前面硬是没挺过来....跟各种男人双修...看到长期和江云涯双修就忍不了了。弃掉了....,<摩羯座的柚子姑娘>: 回复 @甜文少女 :好看得不要不要的 但好长 看了快一个月[允悲],<太乙紫苏>: 回复 @阿meng的月亮 :定离的书都好看。,<啾啾是什么鬼>: 回复 @西瓜的西23333 :正在追马上就看完了~,<果子酒i>: 回复 @甜文少女 :.. 刚看完这个！！ 然后，，， 感觉突然很喜欢修仙文。。,<果子酒i>: 回复 @甜文少女 : 贼好看！！！！！！！！！,<笑靥如花美眷>: 回复 @甜文少女 : @王天风的小公举  这个好好看！,<笑靥如花美眷>: 回复 @甜文少女 : @王天风的小公举,<名副其实的夜猫子>: 回复 @没有Panadol会死星人Elfy菌 :慢慢是已经看过的，其实有恋爱金手指我都OK，就是不要太多就好，可惜现在好像写这种偏正统修仙文的很少了,<开降落伞的贝塔>: 回复 @开降落伞的贝塔 :情节还是不错的,<没有Panadol会死星人Elfy菌>: 回复 @名副其实的夜猫子 :还真没有，有几部写的比较好的不幸又坑了，只能说女主修真的大多格局铺陈不开，就顾着谈恋爱和开金手指了。要是你没看过绝世小白的漫漫仙途可以去瞅，好歹凡人界这部是写完了的，第二部也很长，虽然坑了,<名副其实的夜猫子>: 回复 @开降落伞的贝塔 :为什么我觉得这文文笔不好,<名副其实的夜猫子>: 回复 @没有Panadol会死星人Elfy菌 :就只想看修真的，层主你有推荐的吗？那些很有名的我都知道，除了那些还有什么比较好的女主修真啊？,<小白姑娘要做小太阳>: 回复 @甜文少女 :想死了《着魔》……好难过……,<30粑粑给我绝技>: 我本来觉得我看过的书应该加起来可以开一个书店了，可是为啥我的“书店”里没有一本评论里的书[允悲],<一只小-迪迦>: 林家有女初修仙 竟然没人推？就是言情不是很多,<這個少女不高_冷>: 回复 @二毛孙 :嘿嘿  我当初一书荒就拿出来重温一下[污],<二毛孙>: 回复 @這個少女不高_冷 :越看越好看,<在沙漠等一艘亚特兰蒂斯的船>: 回复 @甜文少女 :这个作者还有本叫天下男修皆浮云也超好看啊啊啊啊啊啊啊啊，文笔老练不说，故事情节安排得很好最重要的是不狗血！！女主人物性格刻画得挺好！！墙裂推荐！！！！相信我！！！！尊的好看啊！！！为什么没人推[泪][泪][泪]]
6077588122	深夜安利一下公主号：tianwensn，搜索关注后点击底部菜单查看历史消息，有肉。 ​​​	[<一只一只大老鼠>: 回复 @一颗豆芽菜x :求大灰狼的小说！,<釜山少女七妹>: 回复 @半斤太阳 :用的晋江诶,<给我来份鱼香茄子>: @CHERRYBLOSSOM_South    你找吧,<原来是柠萌阿>: @大笨蛋fuck,<YaJiao-Wu>: 求文～男主家有钱，女主不知道什么原因在男主家住着（童养媳？），男主奶奶很喜欢她，女主总是有点暗恋男主吧，但男主说她长的丑，然后女主就出了国，长大后女主很漂亮，然后两个人在生意场上相遇。,<Itsicyyyyy>: 回复 @夜未央_98658 :有呀！你去历史记录看看[doge],<夜未央_98658>: 回复 @Itsicyyyyy :点进去木找到肉啊[色],<1个潘多拉>: 回复 @半斤太阳 :微信读书,<话喜>: 公众号里都没有资源,<mdzzbdnc>: 回复 @ljy_Yep :留爪,<小叮当的手指吖>: 求书bl文一个是影帝一个因为给母亲治病退出娱乐圈5年后重回娱乐圈接的第一个就是给人当裸替和影帝拍戏,<用户5680658766>: 回复 @可怜你帅不赢梨子大佬 :超贵，一点也不合适,<雪碧配月牙>: 回复 @等晚轰 :龙门客栈,<猫枝猫枝>: 回复 @柠檬萌大王 :欸？ 那我不知道了 我能查到的啊,<柠檬萌大王>: 回复 @猫枝猫枝 :我一查就是没有用户,<小小小红豆呢>: 回复 @半斤太阳 :额，有个网站叫 书包网 你可以搜一下[doge],<盖世大卡洛零>: 回复 @____SJ____ :米......朵？,<juicy_girl96127>: 回复 @半斤太阳 :书名+百度云，下载,<小女儿>: 回复 @小萌萌ovo :打开手机百度，在百度里面搜索，比如你要看东宫，你就搜“东宫 百度云” 然后他会出现，这个小说的百度云盘地址，然后你就可以直接下载，或者保存到自己的百度云的网盘。最后，用自己手机自带的电子书，或者掌阅，打开,<辛甘·>: 回复 @小女儿 :啊啊啊 什么鬼 没看懂啊啊啊 小姐姐说清楚点,<第十只橘猪>: 回复 @半斤太阳 :掌阅买成品书[允悲],<芎是年少的欢喜>: 回复 @啦啦啦啦啦好烦 :不是只有你[doge],<嘿易烊千玺->: 回复 @ljy_Yep :啊 没有吗。啊啊啊啊啊,<芎是年少的欢喜>: 回复 @半斤太阳 :用浏览器搜索 书名＋微盘   然后用掌阅看,<浅黛弥镜>: 回复 @ljy_Yep :求书名[笑而不语],<弋戈傻傻分不清>: 回复 @会飞会跑的玻璃杯 :看到一个说压上八年书龄强推，我只能笑笑不语[微笑][微笑],<猫枝猫枝>: 回复 @柠檬萌大王 :就是输tianwensn就能找到公众号啊,<wayo很胖胖>: 回复 @1987年8月25 :有理想[doge],<不吃鱼小王子>: 回复 @ljy_Yep :找不到哇,<会飞会跑的玻璃杯>: @弋戈傻傻分不清,<月半小晔曲>: 回复 @ljy_Yep :球,<柠檬萌大王>: 回复 @猫枝猫枝 :亲 你是怎么查到的呀 我找不到该用户,<就是不知道叫什么呀>: 回复 @ljy_Yep :知道了和我说一下呗[微笑],<比克大萌王>: 回复 @ljy_Yep :留爪。。。万一找到了呢,<ljy_Yep>: 回复 @怪风偏南- :没事没事~,<怪风偏南->: 回复 @ljy_Yep :谢谢[爱你],<ljy_Yep>: 回复 @怪风偏南- :《深藏的罪恶》九五五五，里面还有一对BL，是女主哥哥的,<怪风偏南->: 回复 @ljy_Yep :求楼楼之前看的小说女主14男主35的,<镜香里>: 回复 @ljy_Yep :知道了 求告知,<怪风偏南->: 回复 @ljy_Yep :求求求,<我是一头春民>: 回复 @ljy_Yep :贼想看了,<ljy_Yep>: 回复 @丨丨0_0丨丨 :哈哈哈哈，好像在贴吧求书的人就是在你发的图里的第二条那里看到的，据她说她问了楼主然后楼主死活不说出名字，可能因为有ltp吧。反正这种我是可以接受的，之前也看过一本女主14，男主35的，r特么的香，而且不是油腻得反胃的r[污],<bts团妻>: 回复 @半斤太阳 :宜搜小说 这个里面有超多,<我是一头春民>: 回复 @ljy_Yep :我已经尽力了  http://t.cn/RaDwc2H,<萧萧穆语>: 回复 @Kyustar_周盈吟 :同求[喵喵],<interesting_gc>: 回复 @ljy_Yep :想看✪ω✪,<九芨>: 回复 @半斤太阳 :晋江，作者写文不容易,<虾煤球>: 回复 @ljy_Yep :叫什么名字啊[doge]】,<藤井-藤井树>: 回复 @ljy_Yep :想看，好想看,<香蕉馍>: 回复 @ljy_Yep :哇。。。。想看,<迪玛希bb>: 回复 @ljy_Yep :想看,<心经不抵>: 回复 @ljy_Yep :666]
6077588122	男主残疾或病弱的小说合集，然而依然是狗粮…… ​​​	[<iiew陳千歲>: 回复 @Timor队长在送命 :哈哈哈哈哈哈哈哈哈哈哈哈,<南风微吹一笑嫣然>: 回复 @从此苗条是路人 :我也超级心疼男主,<_十二啾i__>: 回复 @炸翔妹妹 :都是一个作者,<伐伐和风>: 俩俩相望[doge],<_LME>: 回复 @山月不忘相思 :我也想知道....[允悲],<山月不忘相思>: 回复 @_LME :小说名字是什么啊？,<丶小麦兜兜>: 回复 @MaggieW75 :超喜欢,<juniourrrrr>: 回复 @甜文少女 :还有作者的三救姻缘  这两本真的是我的最最最爱啊 作者思想境界超高 有时候感觉像哲学小说  值得读好几遍嘤嘤嘤,<干冰化了>: 回复 @甜文少女 :这本书第一女主不是非常讨喜 第二第一人称叙述有点迷 反正我是没看完 纯属个人意见 因为相对这位作者的其它作品这本略有逊色,<雨洛今天去小窝了吗>: 回复 @甜文少女 :不敢看第二遍系列,<风吹随它去>: 竟然没有，《他像一棵树》[允悲],<小小妍哥>: 回复 @Timor队长在送命 :笑出了猪声,<小小妍哥>: 回复 @Timor队长在送命 :哈哈哈哈哈哈哈哈哈哈,<小手捧着大脑袋>: 狸猫大大的每部文都有一个坐轮椅的残疾男（伪）,<樱桃丸子134>: 回复 @甜文少女 :特别好看，以前我都不看男主什么残疾的，这是我唯一看过残疾小说，前面是很虐，但后面他们还是在一起了，很甜，我感觉我爱上了顾铭夕[害羞]祝所以人都能找到属于你的鸵鸟先生和螃蟹小姐,<我忍不住笑了哈哈哈>: 回复 @藩藩的小祖宗 :这个有点意思哈哈哈,<藩藩的小祖宗>: 回复 @Timor队长在送命 : @我忍不住笑了哈哈哈  哈哈哈,<啊油的小三>: 回复 @甜文少女 :哭死我啊这本书,<行云境>: 回复 @西柚味檬 :啥文啊？,<睡不到胡渐彪不改名>: 回复 @梨院月溶溶 :……我就问问太监怎么做，用道具么？,<Chimjimini>: 回复 @西柚味檬 :[doge][doge][doge],<顺儿妞->: 回复 @BaekeoChenok_ :好像就叫我家二爷,<已变身吃土少女>: 回复 @甜文少女 :看了几遍， 后面很甜。,<BaekeoChenok_>: 回复 @顺儿妞- :是哪部小说？,<晓晓昱昱>: 回复 @许嵩神马的最有爱了 :现在才看见我去[哼],<我说了滚>: 回复 @从未被在意的小mio :这就去看,<从未被在意的小mio>: 回复 @我说了滚 :看过的《权宦》真的超好看！！！,<可爱死了的不如>: 回复 @甜文少女 :看到男主内心活动的时候心里难受要死,<笨拙>: 回复 @oolphin :挺虐的！但是很怡情！结局是好的！男主真的很让人心疼,<oolphin>: 回复 @笨拙 :虐吗,<oolphin>: 回复 @甜文少女 :妈呀 莫名的好看,<我家少爷是仙女>: 最佳贱偶 男主好像是色弱 文笔欢快幽默搞笑,<每天带结婚证上班的薄靳言Boss>: 我喜欢《四季如春》,<一个大芒果吖>: 回复 @血裙儿 :这都被看出来了,<血裙儿>: 回复 @一个大芒果吖 :眼熟你，原来是ldf,<卡米尔的宵夜>: 回复 @Timor队长在送命 :水土不服就服你,<沙漠尽头霸王花>: 回复 @甜文少女 :这个真的虐死我了！甜的时候又好甜！,<oolphin>: 回复 @甜文少女 :这本可以说是非常好看了,<枯骷堀>: 回复 @甜文少女 :这个大大的文都好好看，直击心灵的好看！,<oolphin>: 回复 @甜文少女 :这个真的敲好看阿~喜欢沈易,<江城第一名妓>: 袖手姻缘！！！！！！就是男主同名全职高手有点跳戏！！,<oolphin>: 回复 @甜文少女 :看完想嫁傻子~要霍长生那样的 hhh,<胡歌的萌萌>: 回复 @甜文少女 :代嫁弃妃,<KZUMA_rouyaa>: 回复 @unluckyou :加油！！(๑•̀ㅂ•́)و✧,<KZUMA_rouyaa>: 回复 @甜文少女 :这个太好看了 妈的 太好看,<我说了滚>: 回复 @陈什么莹  的赞:你叫啥？我们俩重名,<斐琳lai>: 回复 @沈氏小爷 :好哒，谢谢哦,<南风知我意krj>: 《舌尖上的心跳》男主是盲人，但厨艺很好，对女主也很好,<南风知我意krj>: 回复 @甜文少女 :超级好看！！！！,<鹿已成说故>: 当然是《极品萌卫》啦 ，林御师兄实力宠师妹,<沈氏小爷>: 回复 @斐琳lai :《重生之这次好好爱你》《重生之爱上安子迁》,<斐琳lai>: 回复 @沈氏小爷 :有木有推荐呀，重生也可以呀，超爱双重生,<沈氏小爷>: 回复 @斐琳lai :有，不过大多是重生文,<斐琳lai>: 回复 @沈氏小爷 :对呀，又有一点太悲了，想找一个男主残缺的清水文]
6077588122	推荐那些很值得一看的网配文小说合集。 ​​​	[<椰子是只小天使>: 每日一艾特，特别可爱。,<墨月聆>: 还有《你听得到》，超甜，特苏，整本都在发糖，还有古风歌,<阿肆爷爷>: 回复 @甜文少女 :看了以后觉得很别扭 女主婊里婊气感觉做作 男主还表示我就爱这种做作不喜欢正常的耿直女 反正看完以后挺难受,<你真是一个大坏蛋>: 回复 @甜文少女 :一开始给我的感觉就是微微一笑的翻版 果然看到一半就看不下去[允悲],<YaQi_L>: 回复 @甜文少女 :假大爷[允悲],<YaQi_L>: 回复 @甜文少女 :情敌们好[允悲],<宵夜与朝阳>: 怎么提到网配就是慕寒，他不是我网配的人啊。。。高岭之花也不是他[皱眉],<雨落倾城为时遇>: 回复 @甜文少女 :你不在的地方，仍会不断有你的传闻。 而真正的你，就在我身边。 如此真实[心][心] [微风]莫青成&顾声[微风] [微风]锖青磁&声声慢[微风],<用户5124770973>: 回复 @咻咻咻咻咻biu :同,<陳皮皮pi>: @还会相信这世界有天使的孩子  看评论,<一个没有夏天的男人>: 回复 @甜文少女 :锖青磁！！[心],<zzzzzcxb>: 回复 @芹菜的小星球 :沃的妈[喵喵],<芹菜的小星球>: @zzzzzcxb,<鲸遇_>: 回复 @甜文少女 :哈哈哈哈哈哈哈这层成了情敌聚集的楼,<一空山__>: 回复 @甜文少女 :看这本时我已经是慕喊寒的亲妈粉[可爱]看小说“头牌”二字整个人笑嗨了哈哈哈哈哈哈我的头牌[喵喵]楼上情敌们好！！[抱抱][抱抱],<小白的小傻子>: 回复 @甜文少女 :就是被这篇文引到古风圈,<823w硕>: 回复 @唔凊-Cut :嗯嗯,<唔凊-Cut>: 回复 @823w硕 :写的没有墨宝的好，就开头还可以后面越写越烂,<好绿绿绿绿绿的竹子啊>: 回复 @甜文少女 :……第一人称无法接受啊啊啊啊啊没看下去[泪],<823w硕>: 回复 @唔凊-Cut :然后我看完很生气，考的时候想怎么那么像，就像下面可能就不像了，然鹅一直像到结局[怒],<唔凊-Cut>: 回复 @823w硕 :对,<823w硕>: 回复 @甜文少女 :由这个进的古风圈，认识了慕喊寒,<823w硕>: 回复 @唔凊-Cut :而且很多的情节都蜜汁的和很像很想你相似,<时光的弦歌>: 回复 @甜文少女 :站,<请我吃糖吗>: 回复 @甜文少女 :看的第一本网配文 不是甜到腻的类型 但真的很暖 太喜欢暗里着迷大大了！！个人很喜欢归渔的文风 笔芯,<S-TwoDog>: 回复 @甜文少女 :人生第一部网配文就是这个[doge],<陈晨沉尘冰>: 你听得到为啥没有，日常表白喜欢喝酸奶的青成,<R-aurora>: 回复 @甜文少女 :明明想看看小说的 咋全变我头牌迷妹了！我会说我有被头牌翻过牌吗[doge],<没人要的小破烂>: 回复 @甜文少女 :这个前几章的时候和很想很想你 一样啊？？？？超市 酸奶改成牛奶…… 粉勿喷,<我会记住你然后去爱别人>: 回复 @甜文少女 :渔大大！,<萌萌萌萌萌黄>: 回复 @甜文少女 :超级好看！！而且特别感谢这本书让我入了古风圈,<我爱吃土豆12138>: 回复 @0蚌总0 :准备看上古然后看评论我决定不看了[眼泪],<纸色千叠>: 回复 @甜文少女 :这是我看的第一本网配文 之后对南京大排档的糖芋苗一直念念不忘[二哈] 虽然没有多完美但是是我喜欢的调调（墨宝非宝的也看了但不如这本印象深刻）顺便说我也喜欢相爷[爱你],<0蚌总0>: 回复 @我爱吃土豆12138 :高中看过  好看,<我爱吃土豆12138>: 回复 @甜文少女 : @0蚌总0,<行走的细胞团>: 回复 @甜文少女 :微博签名啊，十方不在，四海无存，乃敢与尔绝,<卿卿梵音>: 博主说的网配文百分之八九十看过，不过还是有get新剧[偷乐],<风荷喔>: 回复 @松小小小鼠__kaka : @轻薄的假相   就是他,<you刘海>: @下雨天不打伞的疯子,<白担_>: 回复 @甜文少女 :你们粉上的是慕寒而我粉上的是河图[偷笑],<琦呐琦>: 回复 @甜文少女 :表白我头牌[羞嗒嗒][羞嗒嗒],<JCPink二丁目>: 回复 @甜文少女 :这本好看！哦莫名的甜！,<三三不是七七>: 回复 @辛橑儿 :超喜欢的一本 有资源～,<三三不是七七>: 独家授权  是BL 没有什么超神的主角  也没有什么颜值爆表的男神 两个人一起成长的故事 挺喜欢的一本,<慕青玙mio>: 回复 @鹿晗女朋友从不认输 :[doge][doge][doge],<一颗没有毛的猕猴桃>: 回复 @SFC下冰雹 :本命 乘风的剧！！！[污],<xixi改个名>: 回复 @甜文少女 :我也是……看了小说……迷上的慕寒……,<无风不起浪味仙v>: 回复 @甜文少女 :我相啊这设定！！！,<住在山上的小妖怪>: 回复 @这位壮士您喜脉了 :假大爷哈哈哈，不过假大爷现在已经有十四夫人了[二哈][二哈][二哈],<西沉yy>: 《你听得到》，超好看   网配,<屿糖->: 回复 @甜文少女 :这本好看！真心推荐！,<黄伊敏min>: 都看完了，还有吗？？]
6077588122	#网文回忆杀# 你看过的这么多网文里，有没有哪句话让你印象最深刻？ ​​​	[<恋莹ing-畅畅>: 回复 @可能是一块废铜了 :我第一反应也是这句,<一哟YiYo>: 我觉得我看的应该是很少有人同看的吧，我看的是宝珠鬼话，里面有一句狐狸说的，生生世世，我却只得她这一世,<灵魂贩卖师Oct>: 四郎 那年杏花微雨 你说你是果郡王 或许一切从你开始就错了,<萝莉太可爱>: 回复 @Bridgedragon :看完了发现书荒了好想再看一遍。。,<一顾千年桥美人>: 冷暖，我愿意等，这是我的事。  凌犀,<你的宋绮悦吗>: 回复 @核桃无籽 :现在满脑子的谢小侯爷,<你的宋绮悦吗>: 回复 @核桃无籽 :阿一古,<prprkk>: 回复 @Schnappistyles :周生辰[心]时宜,<prprkk>: 回复 @西紫之瞳 :最爱gun神!,<郎艳独绝1010>: 回复 @百里景 :噢[笑cry],<景日羡>: 回复 @郎艳独绝1010 :不是，里面的小说几乎都是作者亲自发上去的正版小说，如果作者本人不在这个网站发文一般是不会有的。,<郎艳独绝1010>: 回复 @百里景 :什么网文都有吗,<景日羡>: 回复 @郎艳独绝1010 :晋江文学城,<郎艳独绝1010>: 回复 @百里景 :你是用什么APP看的？,<景日羡>: 回复 @郎艳独绝1010 :不好意思呀，不太会弄晋江的链接,<郎艳独绝1010>: 回复 @百里景 :有链接吗？[太开心],<铉龙裴声炫>: 我爱过的男孩，有世界上最英俊的侧脸,<大雁湖畔的周小米>: 回忆真的是一件很可怕的事情，你能感觉到包裹在心灵外面的那层已经变得坚固的壳一点点在破裂，心里很疼，因为这种柔弱已经很久不见阳光，藏在自己的一个阴暗的抽屉里不敢示人。——刘猛《最后一颗子弹留给我》,<Li子朽>: 回复 @艳阳月光 :心疼,<Li子朽>: 回复 @GAO你是我的小幸运 :天价！,<Li子朽>: 回复 @龙奎小仙女家的娇娇 :虐哭,<Li子朽>: 回复 @连连矜艾栆 :买了。。。但是没看，前面有点太奇怪了,<Li子朽>: 回复 @南依绾 :啊啊啊啊啊啊啊啊啊,<Li子朽>: 回复 @忘词之前 :啊啊啊啊啊啊,<Li子朽>: 顾小艾，我会系鞋带了,<Li子朽>: 回复 @傻凡的妮初心未泯 :天价小娇妻，总裁三十三日索情,<Li子朽>: 回复 @厉爵风吧官微 :这个我真的看哭了,<Li子朽>: 回复 @艳阳月光 :华胥引,<Li子朽>: 回复 @______裙下之臣 :哭,<仙女的毛>: 回复 @西紫之瞳 :Gun神,<佐佐佐佐佐助助鼬>: 我等你到三十五岁,<狙击甜志龙>: 阿楚 和我回燕北吧,<苏三岁的鹿四岁>: 电梯里是我的命。,<爱吃石榴的xm>: 回复 @青羊央 :撒野,<盲僧world6>: 像溪水终于抵达海洋。 我喜欢你。 喜欢到无法形容。 我们只是打了个照面，我的一整颗心就稀巴烂。,<九九呐>: 回复 @夜寒0621 :这句心酸死了，和姬婴相关的，大概就是这句了,<笙窨>: 回复 @婊博主_ :女人，你有点甜[喵喵],<九省>: 有你的瑾年，才安好[爱心发光],<九省>: 回复 @金兰姊姊 :稻米们送他上热门[爱心发光],<九省>: 回复 @______裙下之臣 :不上热门没道理 稻米们永远在[爱心发光],<九省>: 回复 @玛尼玛尼烘 :我也是,<薛不离>: “陈逸杭，我喜欢的人是霍十安，你有江慕源就好，别靠近小白。否则我不会让你好过。”,<戳爷是我的小可爱>: 回复 @好昵称被人占了 :你是说桃花债吗，我也喜欢，姚崇转世为鱼，虫，衡文天天守着他[爱你],<事精小妖>: 他是你的念念不忘，你是我的无处安放,<安安安安安安落_>: 回复 @YLXYF :[握手][握手][握手],<盛夏·梅子汤>: 回复 @核桃无籽 :千千万万个可能里，我都只会选择你，赶路吧沈娇娇，别让现实中的我等太久,<YLXYF>: 回复 @安安安安安安落_ :你不是一个人,<日常舔舔舔>: 回复 @老伙计舞鞋 :泪奔,<想和理科谈恋爱>: 天天就是天天                        －《魔道祖师》,<天狼星ljf>: 回复 @Bridgedragon :[心],<Augensternlty>: 回复 @宋三瞎_ :啊啊啊啊啊啊啊啊啊龙族,<凉生不可悲伤>: 我最轻最浅的念想 不过是和你一起雅望天堂,<男盆友黄烦烦>: 回复 @Salzfisch_ :终于看到我全职了[可爱],<春來早July>: 回复 @核桃无籽 : @Verycutelaleha,<__叶卿辞>: “我想了想我和这个世界的联系，似乎现在能找到的，只有你了。” “如果你需要一个人陪你走到最后，我是不会拒绝的。” “很多男人，并不是因为这样那样而被人记住，他被人记住，是因为他永远不会回来了。” “如果真的喜欢，就把这一切当做是荣耀，而不是炫耀。”,<1二3日>: 不姓徐，可名知报,<你的小牙精啊>: 回复 @忘词之前 :玄清]
6077588122	古穿今小说合集，感觉这样的穿越设定比较有意思。 ​​​	[<秦桑啊>: 回复 @甜文少女 :求个百度云资源！！！蟹蟹啦！,<YC你要加油啊>: 回复 @甜文少女 :还行吧,<YC你要加油啊>: 回复 @甜文少女 :还可以,<YC你要加油啊>: 回复 @甜文少女 :仓促,<YC你要加油啊>: 回复 @甜文少女 :看了，挺好,<顾长倾->: 回复 @赵丽颖钟汉良 :我也是秋夜雨寒的粉，她的书基本所有的人物都能连贯上，第一次入小说的坑就是在小说网看了她的跨过千年，然后去补了三生三世系列，若爱，相遇，等等，到后面慢慢写了挚爱一生，等等。真是文笔简单细腻，我庆幸我一开始就入的她的坑，后面要求也很高，没有对小白文妥协，可能被她养叼了，同道中人你好。,<捡到五毛黑>: 回复 @甜文少女 :女主与巨星亲了以后又说什么我们是知己所以不能上床。。那个时候她男朋友是内个少爷 作者如果不想写男主也行，毕竟这个题材还是很新颖 结果你写了又不好好写是想干啥？最后仓促结尾不知道讲了个什么 我真的不知道我是怎么看完的，难道我和你们看的不是一本书？,<捡到五毛黑>: 回复 @甜文少女 :女主太玛丽苏，什么都会 做饭骑马演戏画画书法。有一个大少爷一个巨星围着她转，先是和少爷上了床然后再与巨星打了啵，男主几乎没有最后几章才知道是少爷。少爷屁都不会就知道泡妞，先在女主帮助下被当过副主席的爷爷器重，说要为了女主上进结果最后也没提他搞了个什么名堂 结果也并没有变厉害,<逍遥妤>: 回复 @甜文少女 :小姐姐们有百度云吗,<盐糖拌小芹菜>: 啊才看到这条，为啥没人推荐《别拿穿越不当工作》！！！,<阿殇酱>: 回复 @甜文少女 :从这本开始疯狂刷全息[喵喵],<鸳鸯醉春楼>: 回复 @最美宁庭 :男主是哥哥，有两个结局，和别人在一块那个太惨了哭的不能行然后作者又写了份和哥哥在一起的,<M易烊美少女>: 斗破宅门之逆天小狂妃，超喜欢这本！开头有些老套但越看越有意思特别狗血特别厉害！情节特别喜欢,<鹿鹿鹿狍子LUHAN>: 回复 @萝呗- :我记得初中时飞言情上连载看的，一开始叫君心荡漾吧。记不太清楚了，好像是男主要穿越到现代稀里糊涂就带着女主了。,<魏-Private>: 强推《陛下是个穿越者》  明朝皇帝朱厚照4岁时通过一个古董柜子穿越到女主朱颜家，后来两头穿，从小到大，最后相爱，留在现代。[心],<尕心丶车车>: 回复 @甜文少女 :不好看，看不出和古代有什么联系，除了细作和身手。,<阿圆圆圆->: 回复 @甜文少女 :看了好久才发现是bl,<如斯安宁->: 穿越之陌上花   很早的老文，文笔特别好,<细细粒就是小结巴>: @马上就要睡着了,<撸猫少女哟>: 回复 @Yvonne欧 :好看好看,<撸猫少女哟>: 回复 @萝呗- :看过好几遍好看的不要不要的,<撸猫少女哟>: 回复 @甜文少女 :好看,<蔷妹几>: 《最佳拍档（古穿今）》也炒鸡好看。  #嘴倔傲娇大龄女VS忠犬腹黑炸毛男#  身边多了个没事爱拎你飞檐走壁，切水果还秀剑气，夜半三更踩在树顶上练功的傲娇男，许微澜感觉很头疼。但作为一名金牌经纪人，她敏锐嗅出对方一身金光闪闪的商机。本文又名：《我家影帝的威亚从来绷不直》《我攒的老婆本都给你》,<木子-口袋>: @--奔波儿霸与金角大王--,<-半乳糖苷酶->: 回复 @甜文少女 :这本被备案要拍了 [微笑]气,<溪森堡的cherry>: 君心荡漾，超级好看,<我就是小太阳Sun呀>: 回复 @甜文少女 :过来打卡，挺好看的，文笔流畅，最近就喜欢简单的剧情,<余三岁的鱼>: 不知道有没有看过，就是女主穿越到古代，是身穿，然后替男主挡了一剑，在男主怀里消失回到现代了，回到现代后失忆，然后在下雨天听到那首《仙剑问情》才想起在古代的事，最后想方设法回到古代，与《萧然梦》很像，但不是，有谁知道的，能告诉我一下么，好想在看看[祈祷][祈祷],<真琴的小心肝>: 捡到古代美男！！男主是个杀手！[偷乐],<深井老友>: 男主的事故体质调查报告,<嗯Rollit>: 回复 @甜文少女 :以前听酷狗的一个电台  超喜欢这个,<子青only>: 回复 @甜文少女 :李媛媛哈哈哈哈哈哈哈我们规划设计课老师名字啊哈哈哈哈哈哈哈出戏,<大大大大大_西瓜啊>: 回复 @袅袅飞烟飞 :对啊，看前半卷的时候还很喜欢呢，结果后半卷就反转的这么厉害[二哈][二哈]后面迫于书迷的压力，才写的哥哥的结局,<三月有大脚>: 回复 @甜文少女 :这本好看又搞笑的看了好几次了,<袅袅飞烟飞>: 娱乐圈演技帝，月下蝶影，古穿今，耽美,<袅袅飞烟飞>: 回复 @大大大大大_西瓜啊 :我也是，我只要哥哥,<袅袅飞烟飞>: 回复 @甜文少女 :我最早看的古穿今，从此爱上了，结局是两个，哥哥是一个，最爱哥哥，感觉女主一直爱的都是哥哥,<袅袅飞烟飞>: 回复 @甜文少女 :作者得文都好看好看，人不可貌相也好看,<记得笑笑小姐>: 回复 @甜文少女 :谜之喜欢这一本,<南鸽南歌>: 回复 @甜文少女 :这本真的超级好看了！初中开始看一直念念不忘，刚才点进来的时候就想说会不会有这本！到现在我大一了都很久不看小说了晚上睡觉之前还找出听书听这个！,<八聿鱼->: 回复 @甜文少女 :这个文笔超喜欢,<齐-_-mio>: 回复 @R-以为镜 :[doge][doge][偷乐],<R-以为镜>: 回复 @齐-_-mio :没有[doge]一直是清水,<爱绿藻头的土豆>: 回复 @路飞等等 :好看你怎么没看完,<路飞等等>: 回复 @甜文少女 :一直都没看完，不过是真的好看[笑cry] @爱绿藻头的土豆,<请我吃糖吗>: 回复 @甜文少女 :李媛媛………我们语文老师就是这个名字,<视觉动物-琳>: 回复 @甜文少女 :记得好像是吃香火的？靠什么信仰之力这种的？,<vip逗比丫丫>: 推荐，明星私房菜！,<大大大大大_西瓜啊>: 回复 @甜文少女 :不要看！！！上卷全写哥哥，下卷就反转了！！[允悲][允悲][允悲]不管我只站哥哥,<唯爱一生C-POP>: 回复 @橘子汽水流氓味 :为什么不推荐？,<碎碎念的lego>: 回复 @甜文少女 :这本确实笑的肚子痛,<第一名的阿疮>: 回复 @甜文少女 :九爷出品有保障,<第一名的阿疮>: 回复 @甜文少女 :这个真的超级棒！！！,<Angel酱酱酱酱>: 回复 @甜文少女 :看了三分之一弃了，不过招摇真的很不错,<徐家矜持蕾>: 回复 @甜文少女 :特别好看]
6077588122	最近有点懵，大家来说说看有哪些作者的哪些作品涉嫌抄袭了（带调色盘为证）。 ​​​	[<万更生2000>: 回复 @cici要当学霸狗 :赞一个。抓到一个喜欢桂圆的漂亮小姐姐。,<汝之一笑倾城>: 回复 @侬本莲花 :调色盘呢？嗯?十年抄袭哪本了?[微笑],<汝之一笑倾城>: 回复 @三岁然 :十年哪抄袭了[微笑][微笑],<xbackxue哎呦喂你神经病啊你>: 回复 @Diamond_明媚 :当年看寻找前世之旅贼开心然而抄袭,<有蛀牙不吃糖>: 回复 @会熙mio :所以 看过怨气的我看这本书 有种我仿佛已经看过的感觉[微笑],<牧童知了_>: 回复 @迷你一个水 :微盘,<Swangso>: 回复 @美滋滋的西瓜吱 :可能是 那个令人闻风丧胆的厉爵风,<Naught-Min>: 回复 @不二之臣- :还有默读啊啊啊！！！P大的文都超好看！,<MoonA_>: 回复 @我的星星_沈昌珉先生 :和微微一笑很倾城贼像[doge],<衷怀哪处言>: 他知道抄袭融梗了啊，还一堆人在评论宣传[挖鼻],<Paintery>: 回复 @迷你一个水 :百度云[二哈],<罗伊笔的芯>: 回复 @积极向上的Xiong倩倩 :《骄阳似我》慢到我已经看了两遍忘了两遍剧情了,<芝士丸子球>: 回复 @侬本莲花 :十年抄谁了？？？？？？？？恩？？？,<请问茶蛋今天回归了吗>: 回复 @会熙mio :我之前看阿基米德看得可来劲了，现在告诉我是抄的，不过也没多大事，我是因为世勋才去看的小说[doge],<一口吃掉薛哥哥>: 回复 @季十安 :行的，我不管我还是喜欢十年[二哈],<季十安>: 回复 @FERNUCL :同啊  先别说有的作者就靠自己辛写文吃饭  就是人家辛辛苦苦码出来的  笔下的人物和作品都是融入自己心血的啊 我看书花钱就好像我玩游戏花钱一样的  能让自己开开心心的  书龄好些年  存下来几百本各种书  看到我堆在一起的书我都特别特别开心  哪怕有些只看一次,<FERNUCL>: 回复 @季十安 :可是她们大部分都看的盗文，甚至不知道自己喜欢的书的作者在哪里连载，看盗文还理直气壮，给了jj链接还求要网盘百度云，还有人推荐盗文app[拜拜]真的有点生气,<季十安>: 回复 @一口吃掉薛哥哥 :有什怕的  都是一些造谣  毕竟谣言止于智者  证据  也就只敢说说罢了,<季十安>: 回复 @FERNUCL :不追  更新好了再看  我一般都在晋江上面看    一部分出版了的  直接买书  我很喜欢把我喜欢的小说收藏起来,<季十安>: 回复 @迷你一个水 :坚持晋江  有些直接买书,<季十安>: 回复 @侬本莲花 :真的过分了  看看博主说了什么  证据呢  华胥引抄哪儿了  遇蛇抄哪儿呢  十年抄哪儿了  ？？？,<季十安>: 回复 @侬本莲花 :证据呢   嘴皮子谁不会动啊,<季十安>: 回复 @侬本莲花 :遇蛇是抄了那本？？？,<季十安>: 回复 @三岁然 :证据，证据呢  嗯？,<迪玛希喵喵喵>: 回复 @带上酒来找我 :多说无益[二哈],<带上酒来找我>: 回复 @迪玛希喵喵喵 :我不是作者我当然不介意了，说我不关注原著作者，意思我就知道关注抄袭作者呗，我连抄袭作者是谁都不知道，笑话[眼泪],<爱学习的嗯哼嗯哼1711>: 回复 @王藿香 :没看过她的文。但是我感觉她和她粉丝很不要脸,<爱学习的嗯哼嗯哼1711>: 回复 @WwXxCcRr :我也是。然而看到了,<迪玛希喵喵喵>: 回复 @带上酒来找我 :你怎么知道作者不介意的？原作者跟你讲啦？你关注过那些被抄的作者过么？你看过原作者发的那些微博么？只是因为维权很难很漫长，代价太大，人们忘的快而已，还有你知道什么叫做知识产权么？人家绞尽脑汁想出来的情节凭什么给你盗？,<迪玛希喵喵喵>: 回复 @总有几个贱婢想加害本宫 :大概是因为卖片的没啥节操[二哈],<Sixfeetunderrrrr>: 回复 @一口吃掉薛哥哥 :重紫 蜀客的,<追求萌甜生活的小仙女>: 回复 @猫巷里的杳查 :真的特别特别爱北倾。。。害怕。。。,<江城第一名妓>: 回复 @三岁然 :十年抄了？？[费解][费解][费解][费解][费解],<JINZIXUA>: 回复 @youziiee :也有人不玩儿贴吧b站这些啊，网友也是想看证据而已，也没有为谁洗白，你干嘛这么炸,<JINZIXUA>: 回复 @懒癌晚期的耗纸君mio :她的书我去年才开始看，因为喜欢乌龟漫所以乌龟漫的书看了好多遍情节基本都能背了，看到她的书就觉得蜜汁熟悉，后来一想，这不都我乌龟漫的梗吗[摊手][摊手][摊手][摊手],<唐泽酒子>: 回复 @侬本莲花 :安妮宝贝散文咋抄？她的书都一个风格都是以自己当时心境写的,<天秤忆00>: 容光抄袭了木浮生，还反说木浮生拿她炒作  #容光抄袭木浮生#,<寺依41>: 回复 @麓之歌 :你微笑时很美，强推！,<King7ooh>: 回复 @侬本莲花 :你这么说 有证据吗 真是的 你太过分了！！过分！！,<叶子YYPL>: 热评怎么没人放调色盘,<短指甲阿芷>: 回复 @ElMOTung :本来挺喜欢她的呢,<孤影的娇妻>: 回复 @侬本莲花 :调色盘啊小姐姐！！？？,<小剑客0823>: 回复 @迷你一个水 :hhhhhhhh,<怀安竹>: 回复 @三岁然 :呵呵有些根本就是人云亦云吧,<光岛初年>: 回复 @侬本莲花 :黑白哪抄了,<吃遍所有菠萝包>: 回复 @侬本莲花 :步步惊心没有抄好嘛 说抄也该是宫抄的步步,<粉红的小仙女儿>: 回复 @被焦虑绑架的小仙女 :谢谢,<是知七呀>: 回复 @懒癌晚期的耗纸君mio :呀呀呀，顶[心][心][心],<明月丶Zyh>: 回复 @听说名字取长点就可以见到我贾宝 :我想你可能真瞎。,<歌罗西青阳>: 回复 @会熙mio :他真的是抄，那个什么我亲爱的有一本，几乎就是神探夏洛克，人物一摸一样 说话毒 没什么情商，烦躁爱拉小提琴，]
6077588122	盘点那些回味无穷的推理言情文小说合集。 ​​​	[<二次元少女书屋>: 回复 @甜文少女 :男主左擎苍总是让我想到右牵黄,<隶庄9877>: 回复 @甜文少女 :中间太虐了[悲伤]完全不敢看第二遍,<我叫不生气的小白>: 回复 @甜文少女 :这个很难看啊……完全受不了,<隶庄9877>: 回复 @甜文少女 :除了感情戏来的有点莫名！剧情很不错！,<公路的清沉>: 当我看到这里我就知道了毕竟当年搜刮了一轮,<给你寄笑颜>: 回复 @甜文少女 :不喜欢被翻拍。！！,<Huhu-sams>: 回复 @谁家的乖宝宝a :对啊,<谁家的乖宝宝a>: 回复 @Huhu-sams :身世才是最最最最最狗血的 还有最后变成藏族那个 唉,<Huhu-sams>: 回复 @谁家的乖宝宝a :这点我不否认，毕竟我看了通宵不敢睡觉，但是感情线真的烂啊,<谁家的乖宝宝a>: 回复 @Huhu-sams :剧情还是到位的 有些地方恐怖还是有的,<Huhu-sams>: 回复 @谁家的乖宝宝a :也就只有神棍讨喜了，设定狗血的文我都看不下去，本来以为很多人推会很独特，然而。。。女主的身世感情都狗血得和马桶台电视剧没差，剧情方面也不是很。。。好看，说实话吧，去看的时候希望太大了反而落差太伤人,<谁家的乖宝宝a>: 回复 @Huhu-sams :里面神棍很讨喜啊,<Huhu-sams>: 回复 @谁家的乖宝宝a :就是设定很狗血啊,<谁家的乖宝宝a>: 回复 @Huhu-sams :怨气的男女主能把我心疼死,<一只瘦腰>: 尾鱼新作西出玉门也好看,<健康的肖>: 回复 @甜文少女 :这本很不错,<沫莫陌墨儿儿>: 回复 @甜文少女 :哪抄袭了？。。,<Blush-Lu>: 回复 @甜文少女 :好看,<法国红酒酒精>: 回复 @甜文少女 :西出玉门出完了快去看!!!,<憋扯犊子撒冷抱紧我>: 回复 @甜文少女 :熬着夜看完了[允悲][允悲][允悲],<宋禾怡ing>: 徐徐图之 超级超级好看的悬爱文 男二好帅好变态啊,<狠坚强的辣辣>: 回复 @甜文少女 :还是撞铃最好看,<兔兔兔兔兔纸酱要努力>: 怎么没有人推莫伊莱的文啊。。真的超级超级超级好看的。侦情档案，凶案调查，凶案背后，凶案追踪,<兔兔兔兔兔纸酱要努力>: 回复 @甜文少女 :刚看完！真的敲好看的！,<Endjourney>: 回复 @甜文少女 :[心],<宋禾怡ing>: 回复 @甜文少女 :他看见你的声音 爱死了,<宋禾怡ing>: 回复 @甜文少女 :徐徐图之啊啊啊啊 超级好看 男二好帅 好变态,<啥子傻子疼子>: 回复 @故渊共黄昏 :我觉得成为执念说不通，鱼仅仅是起放大作用,<故渊共黄昏>: 回复 @啥子傻子疼子 :我觉得是放大的原因，一开始他不是认为是男主送的嘛，要理解的话还可以说是挑衅，我觉得说的过去啊,<啥子傻子疼子>: 回复 @故渊共黄昏 :我觉得以他两交情不应该仅仅凭另外两件就判定有染，而且明明说了那两件不知道是谁送来的，再加上之前是黄梓瑕断案以后送的，正常人不可能就凭这个成为执念，更不用说感情很好的兄弟了,<故渊共黄昏>: 回复 @啥子傻子疼子 :其他两个是暗示和先帝的妃子，这个暗示是比自己年纪大的女人，合起来不算有问题就是累赘，因为这个猜忌是正常的逻辑啊orz,<啥子傻子疼子>: 回复 @故渊共黄昏 :对啊 那玉镯原是鄂王给他心上人的，也比他大很多，那个女的被黄梓瑕断案以后将玉镯还给鄂王。之前就交代了的。,<故渊共黄昏>: 回复 @啥子傻子疼子 :玉镯不是暗示喜欢比自己年纪大很多的女人吗,<屿旻Min明明很好>: 码，暑假看[污][污],<燃系小爆炸>: 回复 @甜文少女 :那我不管…我就喜欢阁主没办法…,<有毒的SQ>: @三个班都知道我叫阳小马,<那个女生叫许希微>: 《白夜行》东野圭吾的小说超好看啊,<陳偉霆的大白牙W>: 回复 @斡夫折袖-WOLF :现在变成上面的了[眼泪],<黄河边的金鱼公主>: 大唐女法医 超级好看,<薄荷糖O_0>: 回复 @甜文少女 :这是古言还是现言啊？,<薄荷糖O_0>: 回复 @甜文少女 :他来了请闭眼 2暗粼,<我的名字叫做安呀>: @别拿豆包不当干粮l,<求好运的圆白菜>: 回复 @甜文少女 :不推荐！结局挺一言难尽的,<艺只姓言的猪>: 回复 @甜文少女 :那一个系列的都强推 爱玖玖一辈子!!!,<转眼如烟的光年之外>: 回复 @甜文少女 :这个超好看,<早早早早早安喵>: 吉祥纹莲花楼啊啊啊,<Huhu-sams>: 回复 @每天坚持学习八小时 :可我看了怨气感觉看不下去啊，人物设定太狗血了,<每天坚持学习八小时>: 回复 @Huhu-sams :如果因为书名错过了你会后悔的！！每本都好看啊尾鱼大大的书，可以说是跟我之前看过的一些言情不是一个等级的！！,<Huhu-sams>: 回复 @小热裤有个傲娇de大奶嘴 :怨气。。。男女主甜？？？,<淮砚>: 回复 @甜文少女 :好看的这个！！！,<-何妨微瑕->: 回复 @柠檬味儿的大橙子 :哈哈哈哈哈哈有缘,<柠檬味儿的大橙子>: 回复 @-何妨微瑕- :对，最近疯狂在看。[爱你],<酱芍芍->: @柠檬味儿的大橙子,<七神花鹿水>: 回复 @Ricolin- :都看了，并没有撞梗，但这本不如美人为陷好看,<七神花鹿水>: 回复 @甜文少女 :最爱的一本没有之一！！！别和我说融梗 我不信给警察打官司那段也是]
6077588122	又萌又虐的女追男小说合集，知道你们期待很久了。 ​​​	[<Vousmevoyez-YF>: 回复 @我想一直笑呀 :嗷呜！我们荡哥！,<冬目贵志>: 回复 @甜文少女 :当年看这本真的被虐死了 很压抑,<每每鹿石>: 回复 @雾雾寒mio :我也不追文，都是养肥了看，我会坑你吗[doge],<雾雾寒mio>: 回复 @每每鹿石 :没注意[坏笑],<每每鹿石>: 回复 @雾雾寒mio :完结了，你看看日期[doge][doge],<雾雾寒mio>: 回复 @每每鹿石 :我看评论说还没完结呢，我已经很久不追文了[doge],<每每鹿石>: 回复 @-你瞎吗- :超级喜欢！！女主说话太逗了，之前向你推荐过 @雾雾寒mio,<mattersc>: @--Teddy-,<小兩光>: 回复 @所有的等待答案是你 :考上了！今年都大三了[眼泪],<所有的等待答案是你>: 回复 @小兩光 :请问最后你考上大学了吗[doge],<君子澜zi>: 回复 @甜文少女 :我觉得它这个系列越来越不好看,<不到前五不改名>: 回复 @猫幼i :[笑cry]刚刚去看感觉到油腻,<我才是王俊凯的傻宝宝>: 回复 @甜文少女 :前几天看完。超好看,<快乐露鹿>: 回复 @甜文少女 :大学看的现在娃都会跑了[嘻嘻],<孙立新10233>: 回复 @甜文少女 :求资源,<我是你永远无法找到的那个女生>: 回复 @甜文少女 :[微笑],<叫我王脑残_>: 回复 @甜文少女 :辛夷坞的作品这个我明明是最后看的一本书却是记忆最深刻的[允悲],<仙子当如王俊凯>: 回复 @甜文少女 :好看的～,<世界上最最伟大的神>: 回复 @杨清大魔王 :说她是小三 不是因为她喜欢有主的人，而是因为她趁别人喝醉跟人家上床然后还去找人家女朋友说自己怀孕[微笑],<周小半xi>: 回复 @XCbeast :强推这本,<微暗之光1984>: 回复 @甜文少女 :好看,<微暗之光1984>: 回复 @甜文少女 :超级好看！,<微暗之光1984>: 回复 @甜文少女 :这本男主人设很出彩！,<微暗之光1984>: 回复 @可爱的小鸡腿呀 :对的，这本在女追男文里算很难看的了，我推荐清酒系美男。,<微暗之光1984>: 回复 @甜文少女 :我也觉得很一般，不如清酒系美男好看！,<夏末知秋0713>: 从拂晓而至的你 超级好看超级好看 良心推荐,<果果果果果果果果粒>: 回复 @过来给我挠挠 :不是！男主很很很深情，她做的一切都是为了女主，他们分手是因为女主幼年被精神催眠后来火灾忘记男主！男主自己本身就是自闭症，为了女主很努力变正常[泪][泪][泪][泪],<果果果果果果果果粒>: 回复 @甜文少女 :但是结局女主因为精神催眠慢慢忘掉男主真的好难过，好害怕美好的人消失[泪]这书看似阳光，可是太灰暗了,<东雨不垫不高>: 最近在看 他似星辰大海,<妖氛敛迹>: 回复 @甜文少女 :看了看了很合我胃口,<木宁0809>: 回复 @甜文少女 :没有一本小说是让我从头哭到尾的 除了这本[悲伤],<星向希>: 回复 @甜文少女 :并没有找到何以笙箫默好看的点[二哈],<共且祝东风>: 回复 @甜文少女 :真的是硬着头皮看下去的，感觉一开始文还好，到后来活生生的变成了总裁文的感觉，看的我老尴尬的,<Mapangmao>: 只想和你好好的！！,<北半球的夏半仙>: 回复 @甜文少女 :看过，唯一的遗憾就是女主被qj了…,<北半球的夏半仙>: 回复 @甜文少女 :我最喜欢两件东西，星空和甄意，一件因为你，一件就是你,<徐每天>: 回复 @Sibyl-MEI :亲爱的系列好看哎,<啊油的小三>: 回复 @甜文少女 :我最爱的小说,<Halleluja->: 回复 @NANSHEN李哞哞 :女主你们的男主我的,<Kento_lemon>: 心中只有  你微笑时很美,<搞事届扛把子_>: 回复 @我想一直笑呀 :男主萌炸啦[心],<霹雳娇娃-阿柳儿>: 回复 @甜文少女 :这部真的扯淡，所有男人都喜欢女主。。。,<彭小沸沸>: 还有锦瑟年华谁与度，我爱你你爱的是她，他不爱我，爱要勇敢追！！！,<太喜欢了t>: 天亮以后就会很美    炒鸡好看,<ALu鹿YounG>: 回复 @甜文少女 :他知道风从哪个方向来 真的 无法替代,<八月未央324>: 回复 @甜文少女 :手机里一直都有，每次都说看看吧，结果看不下去啊，女主完全就是我现实生活中最讨厌的女生类型，太作了。,<陈不瘦不食>: 回复 @说我帅可以但你到是说啊 :网剧在哪看呀,<克里斯汀chimchim>: 回复 @甜文少女 :特别心疼洛枳 爱的真的累,<鹿尔东>: 回复 @甜文少女 :✔强推！超好看,<南馆婊砸当担豆子>: 回复 @甜文少女 :还有我诚哥！！！,<宇宙狂欢夜>: 回复 @甜文少女 :她的文都好看的不行 看完都不过瘾,<文TTTa>: 回复 @猫与魚mua :哈哈哈找到就好啦,<猫与魚mua>: 回复 @文TTTa :就是这个，后来几天中牟被我找到了[笑cry],<文TTTa>: 回复 @猫与魚mua :逆夏 紫鱼儿的你看看是不是,<文TTTa>: 回复 @idtakkoineun :一色春，女二萧满伊就是的，好看,<Kphusnie>: 回复 @甜文少女 :超好看的啊！！！！！！！！！！]
6077588122	念念不忘必有回响，久别重逢小说合集。 ​​​	[<雪梅子君>: 回复 @甜文少女 :平生一顾，至此终年[心],<Lauoui>: 回复 @甜文少女 :我能说我真的看不下去吗。。,<基弹味甜豆大卖场>: 回复 @甜文少女 :真的超级好看！！！我爱东纸哥的小说啊啊啊,<声声儿慢儿>: 回复 @JoRamHak :还是算了吧,<秋小明520>: 亲爱的阿基米德，言朔,<美少女葛葛>: 回复 @甜文少女 :我就知道一定有这个,<潘睡睡9921>: 回复 @甜文少女 :最喜欢它了，[心],<孟姜-MJ>: 回复 @甜文少女 :超级甜啊这个[污][污][污],<Zikkie_>: 回复 @甜文少女 :超级超级超级好看,<猫系悠酱>: 回复 @少女有只狼 :博主推都推了 凭什么不让推就因为你觉得不好看吗 也太个人主义了吧 笑死,<PENGzNI呀>: 如果巴黎不快乐1 2 3,<花朝-终不似少年游>: 回复 @甜文少女 :蓝湛蓝湛快看我！,<走好了您哎>: 回复 @甜文少女 :初见钟情 终于白首 眉眼如初 岁月如故 [心][心][心],<山河_同悲>: 回复 @甜文少女 :乔裕啊！,<鹿鹿鹿狍子LUHAN>: 回复 @甜文少女 :这个作者的书都很好看,<鹿鹿鹿狍子LUHAN>: 回复 @甜文少女 :终于看到说这个了，叶一生，这个名字我记了好多年。时不时就要翻出来看看。,<鹿鹿鹿狍子LUHAN>: 回复 @甜文少女 :这个真的虐的我肝疼,<小水0236>: 回复 @甜文少女 :这本文笔很好,<小水0236>: 回复 @甜文少女 :这本书真的看不下去。在我眼里，高中生活应该是奋斗，青涩，飞扬的时光，而不是同性恋，强暴，异装癖的。即便写得再好，也无法引起共鸣,<Ms_颖颖颖子>: 回复 @甜文少女 :我很喜欢 路从今夜白 海自今朝蓝 因为这本书 很向往庐山 所以有生之年 一定要去一次九江 看一看庐山,<混世小小小Lainey>: @恰逢人间二月天,<MISSGXLLS>: 可不可以出一个军恋的小说合集,<见7哈哈哈哈>: 回复 @拾玖29 :我的鸵鸟先生也非常好看，心疼男主，是HE，心疼顾铭夕不亚于言希,<见7哈哈哈哈>: 回复 @拾玖29 :得成比目何辞死，只羡温言不羡仙,<一仒訫叾>: 回复 @用户6087682272 :想要,<聚合物光伏材料我爱你>: @你好这里是鸣鸣,<啊啊啊啊啊欣啊>: 回复 @甜文少女 :超级好看，但是虐女主,<Leslie木易>: 回复 @BurHeeVen :还有他的下巴。。。,<顾晚晚w>: 回复 @甜文少女 :特好看！翻拍真心吐,<顾晚晚w>: 回复 @甜文少女 :大爱！,<张阿婉吃丸子>: 哈哈哈哈哈哈哈 @影子灬恋人丶,<张阿婉吃丸子>: @小菜头-   嘻嘻爱你,<阿包包472>: 回复 @薄雾浓云愁永昼夜 :me too,<阿包包472>: 回复 @雷姐一米六 :我不管，反正就是好看,<阿包包472>: 回复 @三根弦上许磊落 :超级爱,<莫一球就是爱忧伤>: 回复 @甜文少女 :好看到炸,<AwdogmmaHs>: 回复 @甜文少女 :毁三观，牵强狗血剧情,<sunshine半醒>: 回复 @咪you_ :超好看[太开心][太开心][太开心],<应鄙人>: 于尘埃处，看了好多遍，特别喜欢,<LvRui氵子>: 回复 @少女有只狼 :我觉得很好看呀,<你梨可爱>: 回复 @甜文少女 : @萝莉赵大可,<钟学长的小迷妹>: 回复 @付亚南的微博 :没错没错,<付亚南的微博>: 回复 @钟学长的小迷妹 :超级好看！世间再无孙嘉遇[泪],<一直酷到做一个大哥er>: 《小米》   以墨的一系列     短篇   超好看。,<筐豬LInes>: 回复 @甜文少女 :看哭了，，尤其看到男主被强奸时，我真的觉得特别难过[闭眼],<想做个可爱温柔的小孩>: 回复 @甜文少女 :讲真 我真的觉得这本书不是无聊 而是很难看,<翎Apple>: 回复 @翎Apple :填到心[爱心]️里[张嘴][张嘴][张嘴],<候鸟若北飞>: 回复 @甜文少女 :超好看！！,<如履薄冰呀->: 推荐点近期看的吧，老文基本都看过,<咩咩ion>: 回复 @一南少女 :我好喜欢这个的,<没想好新名字的W>: 回复 @甜文少女 :明月珰的小说就是男主女主一起作，女主超级美那种。但蜜汁好看！,<没想好新名字的W>: 回复 @甜文少女 :虽然她的书肉文多，但剧情真的很好看啊！肉文直接拉过就可以,<那就是阿瑜呀>: 情到水穷处，超级好看！！！,<你是我尚不及的梦>: 回复 @含琴莫莫mio :女主确实在阁楼呆过，但不知道是不是你说的那个]
6077588122	笑到不能自已的超搞笑小说合集，幸福！ ​​​	[<皓咊-->: 《我靠，被潜了》也炒鸡搞笑啊[哈哈]秦卿宋子言[哈哈][哈哈],<皓咊-->: 居然没人推荐撒空空！！撒空空的《吾乃食色》拉我入的搞笑坑啊！又h暴又搞笑[笑cry]  http://t.cn/RK0HJrP,<包子占卜店>: 推荐【青山依旧笑春风】,<不爱吃糖的DL>: 回复 @奇迹出暖暖-K :我是来打你的……,<荔枝阿_Boom->: 回复 @奶茶鸡蛋仔仔 :那你是真的懒,<奶茶鸡蛋仔仔>: 回复 @荔枝阿_Boom- :[白眼]懒得动弹,<荔枝阿_Boom->: 回复 @奶茶鸡蛋仔仔 :你为什么不充电。,<奶茶鸡蛋仔仔>: 回复 @荔枝阿_Boom- :我可是大晚上开着4G，剩2%的电给你推荐！！！必须看！！！不允许拒绝！,<荔枝阿_Boom->: 回复 @奶茶鸡蛋仔仔 :这么好看吗[喵喵],<荔枝阿_Boom->: 回复 @奶茶鸡蛋仔仔 :啥啊都是 你咔咔艾特我,<奶茶鸡蛋仔仔>: 回复 @甜文少女 : @荔枝阿_Boom-  [喵喵],<陈炸毛->: @詹世佳  这里这里 快收下我的安利,<WAITzZzz>: 回复 @甜文少女 :超级棒的，这一本，宝儿真的是太可爱了,<哒哒酱mi>: 回复 @甜文少女 :超搞笑！！！,<有趣的你太少>: 回复 @甜文少女 :这个真的是我唯一哭过的小说啊！！,<百团耿直>: 回复 @-七个栗子多少钱 :对的对的我看到后来曹冲出来后就弃了,<33号麻瓜>: 回复 @蓝色的猫阿 :要要要！求！,<槿玖duang>: 回复 @用户6270754135 :我不太清楚哎,<噗哧吭哧的人都有一个人的时候>: 回复 @蓝色的猫阿 :求小仙女私我[憧憬][憧憬],<季十安>: 回复 @木之本淉 :简直最爱啊,<季十安>: 回复 @甜文少女 :真的超级超级喜欢的,<一阵风吹来一只烊>: 回复 @甜文少女 :对于玩儿英雄联盟的人来说看着毫不费力，但对于不玩儿英雄联盟的盆友来说简直就像是在看英语的阅读理解我的妈[拜拜]，但我还是因为诚哥的骚话看完了，大半夜躺床上笑的像个傻子[doge][摊手],<用户6270754135>: 回复 @槿玖duang :我也喜欢这个作者，还有什么差不多这个类型的小说吗,<甜啊不腻>: 回复 @身處名利場 :《浮生梦三生约》也很好看啊。我超喜欢叶笑,<阿亓和阿欣_>: 大龙门客栈啊！ 你们都没看过么！星野樱的作品都超好笑啊。这书我都从初中看到现在,<小丸子么么答>: 《我的老公是奸臣》两颗心的百草堂,<我的第一眼意中人>: 回复 @蓝色的猫阿 :我想要我想要[馋嘴],<Xxsaysomethingg>: 回复 @甜文少女 :我是挺挑剔的。真的好看这本！,<墨绾K>: 一世华裳的所有文！[污],<瓷碗cici>: 连翘的《魔教每天鸡飞狗跳》 师父师兄乃至整个魔教都超不正经的啊[二哈],<今天你导师催你写论文了吗>: 回复 @甜文少女 :这个超好看的。,<蓝色的猫阿>: 回复 @基妹说你真是胖子 :微博有，自取哦,<基妹说你真是胖子>: 回复 @蓝色的猫阿 :求！！跪求！！看过酒小七一个短篇表示欲罢不能！,<hello朱琳呀>: 回复 @甜文少女 :看完了，超好看！,<-smilegddl->: 所有的里面都没推《极品店小二》林家成，是不是我太大年纪了꒰ꄬຶູྀ ॄ ꄬຶູི ꒱ 超好看来着,<失踪的漫画家>: 回复 @乖张的乖 :会玩王者这部小说就已经看的懂了,<枯骷堀>: 回复 @甜文少女 :这本可以排第一，上面都能让开,<JJJavany>: 回复 @温柔善良你大倩姐 :电视剧？逗我,<Hey蓝色辣味的金普通>: 回复 @蓝色的猫阿 :求分享！,<芝士是信仰>: @刘抽抽是我mio,<栗子味的蠢婧>: 回复 @甜文少女 :超棒，最喜欢女主把荔枝壳扔进男主嘴里那个前段[doge],<栗子味的蠢婧>: 回复 @甜文少女 :只玩奇迹暖暖，森林冰火人和植物大战僵尸的我能看懂多少？[doge],<捡到五毛黑>: 回复 @甜文少女 :我觉得不太好看啊，太小白了。。,<瑷罗>: 居然没有总裁酷帅狂霸拽和时尚先生。。。笑到打滚好嘛！,<rushtofindyou_>: @是刘昊然正牌女友,<清流流流流>: 回复 @古董果盘 :只玩奇迹暖暖+1[允悲]流下了因为当初选择游戏不谨慎而止不住的泪水,<手机用户2471277145>: 回复 @甜文少女 :看不了啊。,<别烦我好不啦>: 回复 @甜文少女 :提起这本，我永远忘不了荆轲。。,<霸道村支部居委会>: 应该还有惑乱江山的 皇上滚开本宫只劫财  还有第二部 什么世子妃,<纯真的一家之主2333>: 回复 @甜文少女 :好看[鲜花],<来通电话>: 回复 @甜文少女 :并不好看…,<大写仙女伦>: 回复 @甜文少女 :她的不负害我哭成汪啊,<我不是天然呆-HG>: 回复 @甜文少女 :今天看的，可以说相当爆笑了！！！~,<末末末末末姐>: 回复 @余生请多指教啦 :表示刚看完，同感。[允悲][允悲],<Sue念白的绿>: 回复 @do_winwin :一笑倾城作者是谁啊。好几部小说都叫一笑倾城,<阿部指挥官>: 《颤抖吧！et》疯丢子，我真的会笑到胃疼哈哈哈,<微生哼哼哈嘿哈哈哈>: 回复 @想想与思思 :我也……ﾍ(;´Д｀ﾍ),<Coooi->: 回复 @super贤儿- :同意同意]
6077588122	盘点那些经典耐看的末世文小说合集。 ​​​	[<乌滴啦啦>: 回复 @邱六日啊 :山海经。。。,<邓小姐的dream>: @一个卖蟹的吃货,<霓时>: 难道没有人推荐《重生之末世强女》吗？,<软咩祝双笙生日快乐>: 回复 @甜文少女 :这个真的超好看！！！！,<深海有鱼y>: 回复 @甜文少女 :有点脑洞开太大的感觉,<MooMooF>: 回复 @甜文少女 :真诚推荐，好看[赞][赞][赞],<深海有鱼y>: 末世文再次书荒 求啊求！！！,<纤阿不知道>: 回复 @咩咩喂 :这篇文没男主…让我一个喜欢看CP的人弃文了…,<颖阿疑阿颖>: 没有人推《超禁忌游戏》吗！我真的觉得超好看啊啊啊！！,<花朝-终不似少年游>: 回复 @甜文少女 :看的出书版，脑子里面印象最深刻的台词就是，他是我最好的兄弟…… 兄弟！？兄弟！？,<LY琳_91499>: 葡萄的《未生》超级好看！！！,<霍莲煾_>: 回复 @甜文少女 :这个还没更完啊啊啊啊 看到最新更新 难受死,<吃瓜群众阿酱>: 回复 @甜文少女 :疯大的abu系列！！看不够！！,<一木梓一>: 回复 @kerrigangan :丧病大学也是bl,<一木梓一>: 回复 @甜文少女 :这个必须站出来，表立，真的好看，反复刷了4/5.遍,<王动婷>: 回复 @甜文少女 :我操 就是这本书 终于找到了,<xx萌面女侠张小仙>: 回复 @甜文少女 :看过很好看,<无里头的厂工大人>: [允悲]是喜欢看这个的女生太少吗？,<无里头的厂工大人>: 回复 @ZoeZoeZoeZoeZoe_ :好看，喜欢封面,<无里头的厂工大人>: 回复 @青瓜牡蛎面 :黑暗血时代，末世之黑夜降临，暂无女主,<无里头的厂工大人>: 回复 @甜文少女 :妈呀，终于看到推了，绝对好看！！！,<LHY_巴扎嘿>: 强推！丧尸王的诱惑  超级好看！女主穿越到自己写的丧尸小说里，男主是个有意识的丧尸，之后一系列甜甜的！,<阿萌头>: 回复 @CubeG :好，多谢……立马滚去瞅瞅,<CubeG>: 回复 @阿萌头 :霾杀,<CubeG>: 回复 @阿萌头 :霾杀，推荐你看,<CubeG>: 八千的霾杀是我目前看到最好看的末世文,<深海有鱼y>: 回复 @白老头儿_mxb :表示时候花钱看完的！,<剥虾球儿>: 末世囧途好好看啊怎么都没有人推！,<深海有鱼y>: 回复 @甜文少女 :力推 看了不下三遍,<速水重夏>: 回复 @多少个陈奕迅 :受其实还好啦，刚开始比较软弱，但后面也在一步一步成长，改变,<速水重夏>: 回复 @陌路轻尘霁草芳 :我也觉得。看了寒武再临，因为水大说有借鉴全球进化，所以专门去看了，但是还是觉得寒武再临更合我口味,<张氏家族-张寞灵>: 回复 @甜文少女这个真的超赞啊啊啊啊,<热夏归来你听蝉>: 回复 @甜文少女 :胆子小，但是是熬夜也要坚持看完的文[笑cry]好看,<三味糖S>: 回复 @甜文少女 :去年看的，超好看!,<三味糖S>: 回复 @甜文少女 :刚看完真的好看!,<土豆学妹333>: 《末世好孕》超级好看！！！！！,<黄思黄思_>: 末世游轮，没完结，无异能无空间无金手指,<韭菜盒子不放糖>: 回复 @甜文少女 :简直被脑洞折服，虽然还在连载！不要错过！,<berry222>: 回复 @甜文少女 :世界第一好看！,<S-TwoDog>: [doge]竟然没有看到《林小乐在末世》,<青瓜牡蛎面>: 回复 @富到流油的烤鸭 :末世之虐杀原形（坑了）末世倒计时,<PGone的小宝贝>: 回复 @甜文少女 :可以说是非常好看了 虽然看如月车站看的我不敢睡觉,<富到流油的烤鸭>: 回复 @青瓜牡蛎面 :[允悲]那你有其他文可以推荐给我吗[羞嗒嗒],<青瓜牡蛎面>: 回复 @富到流油的烤鸭 :都看过[眼泪]不过还是谢谢你,<富到流油的烤鸭>: 回复 @青瓜牡蛎面 :末日乐园无男主未完结，末日无男主已坑，全球进化无女主已完结,<啪劈诶劈>: 回复 @甜文少女 :特么的不小心搜错了，看了一段《重生之末日独宠》，太他妈难看了,<寒天天好冷>: 回复 @甜文少女 :超级喜欢这个,<外婆的大樟树>: 回复 @甜文少女 : @甜文少女    有网盘吗？,<林慢慢_>: @Bing-猪猪,<陈彦熹_>: 回复 @甜文少女 :刷了无数次,<三橙哈尼>: 回复 @甜文少女 :纠结到底看不看,<灬大南南灬>: 回复 @甜文少女 :这篇还不错，没有题目简介看起来这么玛丽苏,<kame寒樱向晚>: 回复 @甜文少女 :看了这个感觉看别的末世文都没意思了,<香脆曼波>: 回复 @甜文少女 :刚从这种草看完必须要回来说一下真的太好看了啊啊啊,<楊麗雪-->: @被口水淹死的鱼_,<wawa634634>: 回复 @甜文少女 :脑洞超大。作者阅读很广,<-七一->: 回复 @甜文少女 :这个真的强推！超好看！脑洞很大！,<顾子约>: 三千琉璃的扛着boss拼下限没人推？？？强推啊！！甜女主还不白莲]
6077588122	这是一期爷们兮兮的糙汉文小说合集。 ​​​	[<履霜煎饼至>: 回复 @鱼眠2000 :你抄作业除了你老师没人管得了你 但是拿别人的东西当成自己的出书拿出去卖好像就不一样了吧,<藏起来的瑶咩咩>: 暴君之妻也超好看 因为这个喜欢上了糙汉文233333333,<今天宇文玥掉湖里了吗>: 回复 @甜文少女 :好好看,<日夜的风>: 回复 @甜文少女 :感觉比屠路好看[污],<日夜的风>: 生途[太开心][太开心] 他眼睛里的孤岛[可爱][可爱],<一只很丧的菇>: 回复 @甜文少女 :这个看的真是难过到极致，特别是女主最后死明显就是解脱了可以去见他简直哭瞎,<吾王彼弈>: 回复 @慕柏莫你猜哪儿 :明明金毛怪高能到不行好不啦,<尽断三千烦恼丝>: 回复 @坦--坦 :已经看完啦[笑而不语]他不是别人，他是我的陆昂,<坦--坦>: 回复 @尽断三千烦恼丝 :蚀骨,<拿什么话当年>: 回复 @木姜子子子 :求资源啊，小仙女,<卷卷L-->: 回复 @甜文少女 :好看啊！深陷洛老板,<卷卷L-->: 回复 @甜文少女 :这本真的是我的爱[泪],<-王草莓的痣>: 回复 @我想吃个豆包 :请问有百度云链接吗！,<我和你的流川枫>: 回复 @甜文少女 :一般般，也还行。没有《一座城，在等你》好看,<我和你的流川枫>: 回复 @甜文少女 :一般般,<我和你的流川枫>: 回复 @甜文少女 :不喜欢作者的三观，看不下去。,<肉楠没有肉>: 回复 @甜文少女 :社会我强哥 人狠话不多[doge],<打倒佩妮娜>: 回复 @冷瑶bin :已私[傻笑],<冷瑶bin>: 回复 @甜文少女 :最爱没有之一,<冷瑶bin>: 回复 @打倒佩妮娜 :亲爱的，能发我图么？我没赶上，拜托，拜托，么么哒！,<实部a>: 回复 @甜文少女 :这个超好看的！,<空城旧梦73227>: 回复 @甜文少女 :喜欢,<流年忆旧i>: 回复 @甜文少女 :强推！！！！！！！为我晨哥爆灯啊！！！,<野兽Doris>: 回复 @阿水水水水水_ :必须的！！！这本写的太好了！！,<野兽Doris>: 回复 @甜文少女 :这个真的是超级赞！！！人物塑造的贼棒！！！,<老奶奶啃鸡排>: 回复 @甜文少女 :你去守护国家，我来守护你啊,<咸鱼少女刘无敌_>: 回复 @还有谁真吃鸡 :我大D哥,<oolphin>: 回复 @某宋一 :周东南!!!!!!!!,<oolphin>: 回复 @甜文少女 :敲好看的阿,<oolphin>: 回复 @甜文少女 :看评论男主叫李大刚是拒绝 刚看完可以说是非常好看了 ~,<芊沫阡陌>: 回复 @甜文少女 :广播剧也很不错,<oolphin>: 回复 @甜文少女 :好看,<oolphin>: 回复 @甜文少女 :好看 一点都不虐,<周晨晞的小可爱>: 回复 @冯小绿- :今天刚看 强推！！,<土豆的烦恼啊烦恼>: 回复 @甜文少女 :很好看,<希希不是西西是希希>: 默默推一个小白杨 水千丞的 好看[允悲],<11hyyyyqx28>: 回复 @甜文少女 :昨晚看了这个，最后一章还是哭了，哭完马上睡觉,<oolphin>: 回复 @小狐狸爱吃大蘑菇 :he 一点都不虐,<土豆的烦恼啊烦恼>: 回复 @甜文少女 :挺好看的！印象最深的就是骆老板竟然把安全套都给撑破了！也是没谁了！[哈哈][哈哈][哈哈],<GHOSTYu_>: 回复 @我从雾里来y :嗯嗯好的!!谢谢!,<我从雾里来y>: 最近真的太爱糙汉文了！一直再看这类型的,<我从雾里来y>: 回复 @东边儿有个大梨子 :我池峥！,<我从雾里来y>: 回复 @GHOSTYu_ :他笑时风华正茂！昨天才看完的！暗恋文,<我从雾里来y>: 回复 @阿水水水水水_ :我昆哥！,<我从雾里来y>: 回复 @会唱歌的牛奶糖 :表白我岳峰！前几天才知道居然出了网剧！颠颠儿的跑去看结果给我气的呀！毁我男女主！,<我从雾里来y>: 回复 @甜文少女 :这本没看完，超讨厌她姐姐！,<我从雾里来y>: 回复 @甜文少女 :好看！金丙的文都超好看,<我从雾里来y>: 回复 @甜文少女 :这个超爱！男女主都很好,<我从雾里来y>: 回复 @甜文少女 :男女主都喜欢,<我从雾里来y>: 回复 @甜文少女 :超爱陈茗生，看的时候哭死,<我从雾里来y>: 回复 @甜文少女 :刚看完，好看,<我从雾里来y>: 回复 @甜文少女 :超级好看,<野兽Doris>: 回复 @甜文少女 :这本是真的很难看...超级傻...,<oolphin>: 回复 @甜文少女 :看完打卡 挺好看的]
6077588122	盘点那些深情有爱的婚后文小说合集。 ​​​	[<_楠木南>: 回复 @甜文少女 :完美男主叶梓楠！太喜欢！,<Lydiahhhhh>: 回复 @甜文少女 :超爱,<哭只为了以后的坚强>: 回复 @顾狸狸 :有链接吗,<_宋亚婷>: 回复 @_XvXooooo :最爱没有之一,<人傻不能怨社会63005>: 回复 @甜文少女 :强推,<空城旧梦73227>: 回复 @甜文少女 :不太喜欢,<Tabby_August>: 《鹅掌》 忽略其他一切东西直接看，看完觉得不好看来找我[喵喵],<minooosong>: 势均力敌 长宇宙 贼好看！,<沚___沨>: 回复 @甜文少女 :这个看过一直都记得，推荐,<锋加停>: 回复 @门捷列耶夫撕鸡 :我也是，当时这个人有毛病,<zy月亮说她忘记了>: 回复 @少爷家的傻仙女 :请问用那个软件看的啊？[鲜花][鲜花][鲜花],<梨落未殇>: 回复 @当初我曾追过你 :好看,<梨落未殇>: 回复 @煎蛋的Mr凡 :刚看过，超级无敌好看,<一生一个杨幂薛之谦>: 回复 @甜文少女 :板栗子的文文真的超级甜阿[憧憬],<呢个叉烧包77>: @一个字也不想多说,<晓gxm>: 陪你到时光的尽头，巨好看，也是先婚后爱的经典,<想吃加糖的玉米粥>: 回复 @树的花er :好看！,<想吃加糖的玉米粥>: 回复 @煎蛋的Mr凡 :长宇宙的都好好看,<想吃加糖的玉米粥>: 回复 @甜文少女 :好看的啊！！！！,<kikollllllllo>: 回复 @甜文少女 :这个太好看了好吗！,<珠珠的幸福小家>: 回复 @甜文少女 :超级喜欢，每次书荒就会拿出来啃啃，求此作者的其他小说[可爱],<瘦的不得了-君>: 回复 @AprilHadid :对对，搞混了,<财爷的跟班奴才>: 回复 @亲吻啵啵虎CB :推荐 @阿逸___   她的书  文风轻松  蛮好看的,<财爷的跟班奴才>: 回复 @瘦的不得了-君 :乔一和F君,<rebnalauQ_>: 回复 @壮壮爱麻麻 :[doge],<壮壮爱麻麻>: 回复 @rebnalauQ_ :哈哈哈哈,<rebnalauQ_>: @壮壮爱麻麻  [偷笑],<良言丹意>: 回复 @皮卡啊糖 :我看过，记得当初觉得莫子言这个名字很男性化,<牙齿太痛了>: 回复 @甜文少女 :男主角是长头发？,<可爱到颧骨炸裂>: 回复 @甜文少女 :刚看完，齁死[二哈],<-半夏未漾->: 回复 @甜文少女 :这个超级好看的，买了实体书来着,<你不是我不是我也找不回我>: 回复 @甜文少女 :这个也好看的,<陳信宏___>: @Cyuubaby,<基弹味甜豆大卖场>: 回复 @甜文少女 :真的好看强推！！！！！,<良言丹意>: 回复 @甜文少女 :大爱,<良言丹意>: 回复 @甜文少女 :这个作者的一路繁花相送看过，她属于比较现实的写法吧,<良言丹意>: 回复 @甜文少女 :这个才是真真好看啊,<塔普小妖西瓜精>: 回复 @当初我曾追过你 :好看,<韩lInzi>: 回复 @甜文少女 :这个真的不错 初中看的现在都还记得剧情,<韩lInzi>: 回复 @甜文少女 :喜欢喜欢,<就叫胭哥>: 回复 @林江玲Vampire :是啊 可是没办法啊 编剧整他[眼泪],<林江玲Vampire>: 回复 @就叫胭哥 :然而苏特助想要女儿[摊手],<林江玲Vampire>: 回复 @甜文少女 :看了 苏特助很爱妻啊～～～番外也不错哈[心][可爱][害羞][求关注][鼓掌],<当初我曾追过你>: 回复 @当初我曾追过你 :百度就有,<放眼望去有只烊>: 回复 @甜文少女 :喜欢到不行,<原初零>: 回复 @甜文少女 :这书三观我接受无能，看完我都想对男女主说句：垃圾！,<爱吃面条的小牛>: 回复 @当初我曾追过你 :你好啊，网上没有找到，[笑cry]你在那里看到的？,<oolphin>: 回复 @仙女村村花 :秦宋给李微然下药 简直不能忍！,<假作真时真亦假lcc>: 步步生情、婚不由己2,<八筒西瓜>: 多年前，她曾闯入他的城。还有 教我如何不想他。强推这两部 超好看[允悲],<文艺吐槽青年>: 回复 @恶婆婆黑暗进化 :有的有的，前期养了个小三还是女主的同学，好多人都说女主渣，但我觉得男主也蛮渣的，看完这本书气了好久。,<鹿家七崽酱>: 回复 @甜文少女 :苏奕丞啊啊啊啊啊啊,<我的女儿叫红豆周>: 回复 @甜文少女 :这个好看！还买了实体书[允悲],<旁友你听过嚯嚯吗>: 回复 @甜文少女 :这个楼里说觉得男主不好的肯定是没看过番外！一定要看番外《那个小药代》，这本书最大的彩蛋在这里。很多伏笔也就会豁然开朗了,<Karlie爻>: 回复 @门捷列耶夫撕鸡 :我也...,<怡人的小鱿鱼>: 回复 @李小五爱秦小桑 :好看[好喜欢]]
6077588122	细数那些经典耐看的女配文小说合集。 ​​​	[<少女好胸1>: 回复 @ToNG_Qiiii :我喜欢快穿之反派专业户 超好看啊喂,<魅惑-黑精灵>: 不必说啥，就是爱你?,<QUEYANG_>: @无敌的扣肉  [微笑],<捡到五毛黑>: 回复 @甜文少女 :我不是很懂楼下的什么意思，喜欢一个文可以说出来不喜欢为什么不能说呢？就一个评价怎么就品味高了？[二哈],<Vocean7>: 回复 @千千万万个黄大蒜 :这本小说叫即使你是龙套，我觉得还可以啊,<纤阿不知道>: 回复 @此处是胖纸忧伤的垃圾桶 :我也喜欢初恋相遇太早的男主 特别忠犬萌,<此处是胖纸忧伤的垃圾桶>: 回复 @甜文少女 :因为这条推专门去看了，特别喜欢“初恋相遇太早”、“我的盖世英雄”的男主啊！,<青禾只ioi>: 回复 @这就是YOYO啊 :我女配文的入坑文！,<健次哥哥的腊肉包袱>: 回复 @赵眠眠biubiu :对对对，这个特别好看,<fytinf>: 男配女配   敲好看,<这我都知道>: 回复 @甜文少女 :韩绍啊啊啊啊啊啊啊啊啊！！[悲伤][悲伤],<用户6017677210>: 郡主的醒悟  超好看，古言 ，题材很新颖是本土古言女主斗穿越女哦！好好看，快去看吧！不过还没完结,<无衣也好与子同袍>: 死循环之女配，特好看,<墨衫青衣>: 回复 @甜文少女 :女主太作   一直套路    把男主当做工具   和别人暧昧,<塘森堡>: 回复 @甜文少女 :好看，心理描写很到位,<翎Apple>: 回复 @甜文少女 :男主一般,<不瘦10斤不改名的沓沓>: 回复 @____Hermy :想看,<胡茬林妹妹>: 回复 @甜文少女 :完结了吗,<selina-peng>: 回复 @猴面包树__ :看完了！真的好看！多谢推荐！出了这本和女主渣化之路其他的都好白痴啊…不不，还有一本快穿之媚肉生香不错,<很棒的大仪>: 回复 @萌哭了空空 :肉到不行，小孩子不要看啊[污],<hiorking>: 回复 @千千万万个黄大蒜 :恩，可以，谢谢！,<袅袅飞烟飞>: 重生女配，莞尔wr,<千千万万个黄大蒜>: 回复 @hiorking :啊啊啊啊啊啊，不好意思，我找不到了……不过我强推另一本书《末日乐园》你看过吗？我超级喜欢，算不上严谨的快穿，但真的很好看,<彧与卿成>: 女配逆袭搞定男主手册,<hiorking>: 回复 @千千万万个黄大蒜 :OKOK，十分感谢,<千千万万个黄大蒜>: 回复 @hiorking :等我去找找，我给忘了,<hiorking>: 回复 @千千万万个黄大蒜 :想知道书名[眼泪]我还没有看过奥特曼的,<木子晓晓i>: 回复 @猴面包树__ :这是中间没有了,<屋滴子>: 推荐，快穿之炮灰女配逆袭记，追了好久的文了,<顔如花開花落>: 想要求一篇穿书女配文，女主穿进一本小说里，成为原男配的妹妹，原男配是个渣男，跟原女主结了婚又各种嫌弃对方在外面各种花心，等后来两人离婚了原女主跟原男主在一起了，原男配又各种眼红不开心做幺蛾子。女主穿成妹妹后决定把渣男哥哥给掰回来，最后成功了。具体的故事情节我也不太记得，就好像女主,<开飞船的加菲>: 回复 @甜文少女 :因为这本书入坑,<肋泼皮O_75>: 别去，怎么样你都美,<最纯粹的足球CR7>: 别去，怎么样你都美,<大爷我要加油加油啊>: 回复 @甜文少女 :这篇是真的好看，就是连载很痛苦,<滴嘀約旳>: 回复 @甜文少女 :好像有两个相同名字的,<爱吃黄焖鸡的阿毛>: 回复 @甜文少女 :这个好看！但是没完啊！！！,<国名炮手yes>: 回复 @甜文少女 :文笔真的一般,<是花媣媣啊>: 重生女配和恶女擒夫邪帝请轻轻,<凉半西瓜>: 推一篇喜欢的重生末世女配爽文《末世之黑暗女配》，无cp，逗比文风,<RITA咿呀咿呀哟>: 回复 @甜文少女 :这本看到最后想弃，还是看完了。和我看过其他的比，少了点回味的感觉。,<圜蟾照客_454>: 回复 @OKI想去看世界 :清穿阿飘训乾隆，也是穿成还珠里皇后了,<戒珊>: 回复 @甜文少女 :文笔好烂,<不言咩>: 嗯……必须推一下林家成大大的《媚公卿》女配重生变女主的故事。虐渣男满分。除了有些刻意追求一生一世一双人的思想超前，略开金手指，全篇阅读下来还是很带感的，文笔也好，努力想展现魏晋时期的风骨写的有些风仙道骨了。重生女配文里觉得最好的一篇。,<OKI想去看世界>: 回复 @selina-peng :[鼓掌][鼓掌][鼓掌],<selina-peng>: 回复 @OKI想去看世界 :这个作者本来就是个大触，好像《奸臣之女》也是她写的，又逗又好看，推荐给你，作者感觉是体制里面的人,<OKI想去看世界>: 回复 @selina-peng :是的，这个文笔很流畅有内容，故事有条理有节奏,<猫七曦>: 回复 @居渔only :[doge]心情不好的话我建议你听歌，反正我是听啥歌只要心情不好都会哭，哭完睡一觉就忘记为啥不开心了,<猫七曦>: 回复 @selina-peng :渣化之路之类的我还有一本，《快穿之反派专业户》，,<selina-peng>: 回复 @OKI想去看世界 :反琼瑶文里面就这一个算有点文笔的了,其他都是为虐而虐,把人家当傻子了都,<selina-peng>: 回复 @猫七曦 :渣化之路我才看完,比博主推的几篇都好看,有些文都什么呀,穿越去别人身上要交配和生产的时候就灵魂出窍,好一朵白莲花啊,<CheerCherCer>: 这个反派有毒 超级好看[二哈]男主忠犬黑化 女主不作直爽,<魂灵头在勒布朗家>: 回复 @甜文少女 :不好看……剧情弱爆，文笔很差 男主就像精虫进脑,<魂灵头在勒布朗家>: 回复 @甜文少女 :宠妃看了，hin难看,<浮生偷欢>: 回复 @萌哭了空空 :好看！,<魂灵头在勒布朗家>: @allAboutBeth,<专治精分吐槽100年>: 回复 @琳琅5120 :真的不是跟都史嘛[泪]看开头觉得都史真的很好啊,<三三不是七七>: 这类快穿看得太多已经串起来了[二哈],<三三不是七七>: 回复 @甜文少女 :很短但是还行]
6077588122	整理了近些年暖萌温馨的大叔文小说合集。 ​​​	[<和李的日常>: 回复 @甜文少女 :刚刚看完！！无理由的宠啊,<看不到的小透明>: 回复 @噢你像风 :好哒,<噢你像风>: @看不到的小透明  去原po看 各种类型都有,<斯考特将军->: 回复 @GGGGGGGGKe :对对对，同感！！一点都不甜[哼],<魂穿落落>: 回复 @阿水水水水水_ :今天看完，挺好看的,<吴屁儿姐>: 回复 @阿水水水水水_ :我觉得好看,<你眼中的汤圈圈>: @Warm_ly,<一个聪明小仙女>: 回复 @甜文少女 :超好看的书！！赞！！,<Gingersnap_>: 有没有虐的大叔文啊,<心DDD>: 回复 @甜文少女 :~,<Me迷糊_>: 回复 @甜文少女 :这本书，不好看哎，内容太老套了[二哈],<芦苇逍遥哒哒>: 回复 @Hellomh- :嘿[太开心][太开心],<今年我只要奕君儿喵>: 回复 @榴莲臭臭配阿茶 :哈哈哈啾咪,<sadayukigoing>: 叔叔敢不敢，女主爱上的是室友的父亲,<奈奈生de微博>: 回复 @阿水水水水水_ :个人觉得好看，最怕痞子忽然的认真，文案走心了,<姜生与冬>: 凉生我们可不可以不忧伤。最爱程天佑。,<哈哈我又回来啦>: 回复 @eeeeeeeeeecho- :那你可能看了一个假结局[并不简单][并不简单]有一个是网友续写的结局，确实很烂，你可以多找两本看看，说不定结局不一样[眼泪],<榴莲臭臭配阿茶>: @upstar佟   早日康复,<套路源肉一>: 回复 @甜文少女 :这是我最爱的小叔！,<嘟噜嘟嘟D>: 回复 @甜文少女 :这个超喜欢！！！！！！！,<和李的日常>: 回复 @甜文少女 :超级喜欢的小说！！太激动了天，听风和喜欢都特别好看,<小菜慧子>: 没有合集了解么？,<Cloris_Zcy>: 回复 @甜文少女 :超好看！熬夜看完的。,<panda_jue>: 《一生一世》墨宝非宝 '纵情，才是这世上最奢侈的贪婪',<panda_jue>: 《归路》墨宝非宝  “血还是热的，在流淌，心还是活的，在胸腔。  大好河山，你我守护，此一生所向，无须告别。  晨晓，照归路。”,<Aminko>: 回复 @甜文少女 :好看,<Miss_Lchen>: 回复 @甜文少女 :这个我是在喜马拉雅听的 配音超级棒！！！！纪忆女生的声音甜甜喏喏的！！可喜欢了,<豿清>: 回复 @甜文少女 :难看:),<sistereve>: 回复 @甜文少女 :但是我还是觉得这是一部悲剧,<ddddddgx>: 回复 @只做我的狗- :不客气[爱你],<只做我的狗->: 回复 @ddddddgx :哇哇哇 好甜啊 微博给我啊 谢谢啦,<ddddddgx>: 回复 @只做我的狗- : @Tomi_Say   这是女主[二哈]更新超慢哈哈哈哈,<ddddddgx>: 回复 @只做我的狗- :有！！结婚了！！,<只做我的狗->: 回复 @ddddddgx :有女主的微博吗 ？   我去豆瓣看了他们的故事 但是不知道结局是什么  他们结婚了吗,<姻不是欣和烟>: 回复 @甜文少女 :不喜欢,<夏天就要芒果冰>: 回复 @甜文少女 :哈哈，我有资源,<妖氛敛迹>: 回复 @甜文少女 :我同桌就喜欢谈书墨,<Lopayo>: 回复 @甜文少女 :好好看！！！,<Lopayo>: 回复 @甜文少女 :这个真的超级好看！！！！我看了三遍,<嘀嗒嘀月儿>: 回复 @甜文少女 :这个真的很不错，用了半天加一晚上时间追完,<头上长了小草>: 回复 @东边儿有个大梨子 :求私！！[可怜],<Monday的卷卷呀>: 回复 @nananabui :行吧,<nananabui>: 回复 @Monday的卷卷呀 :好嘛,<Cheryl0324>: 回复 @甜文少女 :OMG 我顾平生不是大叔 想哭,<杜清欢>: 回复 @十二呀十二 :看过！很早很早前看过的，看过的几年后我还又重新找出来看🙈,<村头的徐大娘>: 回复 @pizaa大总攻 :擦  我现在的理想型就是顾凛,<Monday的卷卷呀>: 回复 @Monday的卷卷呀 :卧槽回错了,<Monday的卷卷呀>: 回复 @nananabui :我追视频追很久啦,<乔麥地开不出花儿>: 回复 @甜文少女 :好看,<161616一六一>: [泪][泪][可爱][可爱][可爱][太开心][太开心][太开心],<树精泡泡975>: 回复 @甜文少女 :我好喜欢[花痴],<树精泡泡975>: 回复 @十二呀十二 :我看过，确实还不错特别好,<nananabui>: @Monday的卷卷呀   推文博主[二哈]]
6077588122	公棕号：甜文少女（tianwensn），你们要的神秘合集在里面(¬_¬) ​​​	[<背带裤的猴小猴>: 回复 @你吃不吃不吃我吃了啊 :你要什么小说的，我发给你啊,<幸得薛之谦>: 想要百合文[doge],<暴走的欢宝宝>: 为什么只有书名啊怎么看啊,<捡到五毛黑>: 回复 @别时容易见时难只为贪欢 :这种女的一般都是有病，犯不着和她吵[二哈]她会用自己的瞎几把逻辑和你吵，白嫖还特有理。况且不看小说还在这下面评论，脑子不有坑吗[费解],<哈哈哈哈哈一想到你呀>: 回复 @盛一伦的圈外对象 :阁应一下哈哈哈笑死我了,<婠灵君>: 回复 @Oo可乐味oO :嘻嘻嘻 就是有空间的空间文～[坏笑],<Oo可乐味oO>: 回复 @婠灵君 :金手指是什么意思啊？[二哈],<帆小帆flying>: 回复 @帆小帆flying :真的是沟通困难…看不懂能不乱喷？你语文不好怎么的我还有责任要教你？,<麻辣女神陶华碧的QQ空间>: 回复 @排骨粉条土豆 :好看的！强推！,<这是远山啊>: 回复 @瘦子康 :嘿嘿嘿[坏笑],<安长亭>: 回复 @帆小帆flying :有些文是要钱的  并且收费也并不高  如果整理成百度网盘分享  无疑会给作者带来很大的压力的,<排骨粉条土豆>: 回复 @麻辣女神陶华碧的QQ空间 :不是这个名，小仙女这个好看么[喵喵],<晴天还是多云天>: 回复 @帆小帆flying :对呀对呀，只是说一下又没强求别人做，很多人都这样希望啊,<麻辣女神陶华碧的QQ空间>: 回复 @排骨粉条土豆 :民调局异闻录吗？,<盛一伦的圈外对象>: 回复 @ichooo :那我建议您去医院看看 我又没特指您 您既然也不看小说 那您跳半天跳个什么劲啊 隔空嫖人怕是您精神方面疾病 怼人一点逻辑都没有 我也不想回了好吧,<盛一伦的圈外对象>: 回复 @ichooo :就是嫌弃您 所以您您您的膈应您一下,<ichooo>: 回复 @盛一伦的圈外对象 :也请你搞清楚白嫖什么鬼意思，我不看小说还白嫖，我是嫖你么。白嫖说的好,<ichooo>: 回复 @盛一伦的圈外对象 :别您您您，你不嫌恶心我都觉得你他妈有病,<盛一伦的圈外对象>: 回复 @ichooo :笑死我了 您怕是刚学了几个词汇就迫不及待出来指点江山了吧 怼人带点逻辑思考下别人说了您什么好吧？牛头不对马嘴的 你要是不骂我 我也懒得理你这种理直气壮伸手还要白嫖的社会大姐大 隔着屏幕都能闻到你的恶臭？我也没说嚣张这个词 什么锅都让我背了？,<ichooo>: 回复 @盛一伦的圈外对象 :不好意思你的自我介绍太长我也不想看。还以为自己是黑社会么，说别人嚣张，麻烦闭上你的嘴,<盛一伦的圈外对象>: 回复 @ichooo :哇 我没有说是谁 您这么疯狂对号入座给谁看啊？我指着说您啦？搞笑 并不想听你自我介绍 带个微笑的表情叫嚣是生怕别人不知道您最爱白嫖吧,<ichooo>: 回复 @盛一伦的圈外对象 :不爽来打我啊，我就这么跳。傻缺[微笑],<ElMOTung>: 回复 @ichooo :你这个蛆真是有谜一样的G点？  你不是对号入座你回个杰宝？  面相那么凶真是不敢惹呢盗版资源这么猖狂就是有你这种猪头女孩[笑哈哈][笑哈哈][笑哈哈][笑哈哈],<盛一伦的圈外对象>: 回复 @别时容易见时难只为贪欢 :哇 下面有个人支持白嫖？大概是被戳了痛脚才这么跳的吧,<ichooo>: 回复 @ElMOTung :我并不需要，谢谢。搞得自己多先进，城市人[吐],<ElMOTung>: 回复 @别时容易见时难只为贪欢 :莫名其妙唉  什么都要人送到嘴边吗  21世纪自己不会百度搜文噢[吃惊],<潇婧儿8995>: 同求民间灵异小说，古代重生复仇文也希望能出合集,<别时容易见时难只为贪欢>: 回复 @别时容易见时难只为贪欢 :好好好 没问我要 我也没说你呀[摊手]推文下面给的链接点一下也很不方便咯,<瘦不了的海同学>: 有没有写海兰珠的小说求宝宝们推荐啊[爱你],<帆小帆flying>: 回复 @Raspberroy :我说的是就更完美了…看不懂？语文不好？,<Raspberroy>: 回复 @帆小帆flying :明明可以自己找何必麻烦别人 人都给你找了自己找资源又不难[摊手],<-涵涵呀->: 哎呀么么哒[污],<ichooo>: 回复 @别时容易见时难只为贪欢 :人家只是觉得那样方便，问你要了么[笑cry]事妈,<鸠媚括弧躺_KHR>: 我希望各位读者都可以少点去看网盘的盗文，几块钱支持一下作者，毕竟个个都去找文包那作者吃什么呢…,<我想要ZX>: 有没有禁忌文推荐🙈🙈🙈🙈,<小葱拌豆腐哈哈哈>: 每次你推荐的都会下载看。。。我的黑眼圈[白眼],<面圈卷>: 回复 @禾喵苗 :好的，谢谢[微笑],<禾沐-L>: 回复 @面圈卷 :后面那个字母 搜索微信号,<四的二分之一的一半>: 求各位百度云资源分享啊（有些搜不到的说）,<GHOSTYu_>: 求女追男小说!!!!!,<蜜雪维奇999>: 来个强取豪夺带肉系列呗！,<面圈卷>: 回复 @禾喵苗 :请问是搜甜文少女 还是tianwensn？ 搜不到啊,<五月一鸣6014064195>: 我非常非常想看好看的同人文啊！！！！！,<芳芳大人丷>: 回复 @丷酒酒 :可以。接受安利,<丷酒酒>: @芳芳大人丷   关注了这个博主这下子不会书荒了[太开心],<1996_0621>: 回复 @帆小帆flying :你想要的太多了[并不简单],<朝南·>: 先滚动截屏存下来[笑cry],<婠灵君>: 还想看空间文～开金手指,<明明就不习惯牵手ZQ>: 回复 @范范之辈0419 :好的好的，愛你[鲜花][鲜花],<FM-10ING>: 你怎么这么甜啊[可爱][太开心],<KKMKK-Ginny>: 希望出跨国恋小说 类似 《伦敦十月》《丹尼海格》[坏笑][坏笑][坏笑],<胖柚子胖>: 已关注，谢谢少女,<拜托你不要认出我>: 回复 @三十梨花 :就是表达一下自己的期望嘛～]
6077588122	盘点那些福利满满的声控文小说合集。 ​​​	[<Sehuneva>: 回复 @薄雾浓云愁永昼夜 :是啥意思？？在文中主角声音好听？还是有人配音像听电台一样？,<你好呀泰姆酱>: 回复 @夭二_amy :桑桑声音比小说中描述的更苏[二哈],<夭二_amy>: 回复 @甜文少女 :很好看！真的！！,<夭二_amy>: 回复 @_小鹿蹄儿_ :都怪伦桑  哈哈哈哈哈,<夭二_amy>: 回复 @你好呀泰姆酱 :声音简直不能太撩人啊！！,<你好呀泰姆酱>: 回复 @夭二_amy :嗯哼[笑而不语],<夭二_amy>: 回复 @你好呀泰姆酱 :老大  哈哈哈,<周大爷今天背单词了没>: 回复 @甜文少女 :这个文cv内容比较少啊，算是一个小甜饼吧。,<你好呀泰姆酱>: 好了 以后看声控文都要自动带入伦桑了,<星语露>: 回复 @甜文少女 :经典,<将心境道破>: 回复 @甜文少女 :玛丽苏文[哈哈],<昆哥罩伦妹_>: 回复 @甜文少女 :这个这个啊天炸了妈蛋 而且作者是杰迷啊！,<十个蛋挞_>: 回复 @金择一二三 : @轻薄的假相,<金择一二三>: 回复 @南锣鼓巷走一走_ :请问相爷是谁？,<夏渝浠>: 回复 @甜文少女 :最好看的声控文！！！就是这本书让姐姐我彻底变成个声控的[污][污][污],<大爱我薛ye>: 回复 @清霜半晚 :我已经知道啦*^_^*也超级喜欢他呢！,<清霜半晚>: 回复 @大爱我薛ye :相爷是cv轻薄的假相，微博☞ @轻薄的假相,<林梓萍lzp>: 有没有电台是声控听的呀,<大爱我薛ye>: 回复 @浥尘吖 :我已经知道啦[可爱]超级好听呢！！！,<浥尘吖>: 回复 @大爱我薛ye :是轻薄的假相，一个cv声音超苏的啊！,<liangwenny>: @辣条是名美少女,<林肿>: 都看完了，还有更好的介绍不 @甜文少女,<PURE-COTTON->: @-Mystlu-,<starq静微>: 回复 @甜文少女 :温景梵！！！,<程程Ccc->: 南歌北清,虽然还没完结,但还是强烈要求推一推[doge],<喵了个亦mio>: 回复 @时遇_Vic :我去。。。[允悲]。。。我一直想要一个在学校的情敌。。。可一个都没。。。,<时遇_Vic>: 回复 @喵了个亦mio :情敌你好[doge]我已经在学校碰到好多情敌了[doge],<喵了个亦mio>: 回复 @时遇_Vic :嗯[doge][doge][doge]走哪都是情敌。。。,<时遇_Vic>: 回复 @喵了个亦mio :广寒宫中人？？？！！！~ ~,<淡蓝浅Lan>: 回复 @甜文少女 :看这层评论都是情敌啊，爱生活，爱头牌[太开心],<月殇mio>: 《很想很想你》因为在一本书喜欢上了一个人“爱你是我的壮举”,<喵了个亦mio>: 前10全看过。。。[doge]我真厉害。。。,<喵了个亦mio>: 回复 @七七deep_in :有么！！！不是说原型是卡修，然后配角有个原型是老克么。。。,<喵了个亦mio>: 回复 @吱克 :嗯[笑cry]那个帅爆了的日翻小王子【是叫小王子么我忘了。。】,<喵了个亦mio>: 回复 @甜文少女 :这本书真的特别特别好,<喵了个亦mio>: 回复 @甜文少女 :感谢少爷让我认识了慕寒[心][可爱],<喵了个亦mio>: 回复 @艾克蓓蓓 :是书[笑cry],<喵了个亦mio>: 回复 @甜文少女 :这本就是带我入腐门的神奇的书[允悲][允悲][doge],<喵了个亦mio>: 回复 @甜文少女 :这本书在描写第一次肉的时候差点没把我笑死[笑cry],<喵了个亦mio>: 我推荐一本小众的吧，叫做《我心可昭》，是半声控半校园,<喵了个亦mio>: 回复 @屁桃哥斯基 :其实楠木可依,<喵了个亦mio>: 回复 @_小鹿蹄儿_ :不要搞事情。。。,<喵了个亦mio>: 回复 @晨汐爸 :简单说就是男女主有一方是因为对方声音而爱上的,<喵了个亦mio>: 回复 @我是宇彬 :美人宜修是女追男的半校园文哦～不是声控文啦[可爱],<喵了个亦mio>: 回复 @时遇_Vic :时遇倾城色[心],<蒹以已>: 回复 @甜文少女 :好看,<蒹以已>: 回复 @甜文少女 :不是很好看，40％都在讲网游。。。,<SunLgdFy>: 回复 @大爱我薛ye : @轻薄的假相,<我帅帅帅帅>: 回复 @甜文少女 :北倾的书都好看,<JoJo_jojo>: 回复 @阿阿阿阿夏- :求资源,<这不是我啊哈哈哈哈>: @你等会儿我  你直接关注他吧  。。,<大爱我薛ye>: 回复 @雪佩荷儿cri :好跌好跌[ok],<雪佩荷儿cri>: 回复 @大爱我薛ye :看来是已经怀孕了[哆啦A梦汗] 之前他玩啪啪的时候里面有很多音频 你找找他微博有没有链接,<大爱我薛ye>: 回复 @雪佩荷儿cri :谢谢你啦^V^我已经知道啦，相爷声音太太太太太太好听啦！！！]
6077588122	这是一条送给吃货们的美食文小说合集。 ​​​	[<变心怪>: 回复 @大树Dala :貌似叫美食帝国，主角叫苏曼？,<Yamahe->: 回复 @甜文少女 :这本超级无敌喜欢！！！,<舞法天女biubiu>: 回复 @悠着点小心把你吊起来打 :好,<悠着点小心把你吊起来打>: 美食文 @舞法天女biubiu    @中单扛把子_,<你掉的是金腿毛还是银腿毛>: 回复 @三观比五官正的派大言 :还有第2部？,<来自非洲的土穷圆叶二>: 回复 @大树Dala :感觉那个阿拉伯汪子的我看过[二哈],<来自非洲的土穷圆叶二>: 回复 @甜文少女 :慕名而去，可惜久坑,<很棒的大仪>: 回复 @甜文少女 :超级无敌好看！！！！！初中看了之后现在大学书荒还是经常翻出来看的文！！！！！！,<liny_Wy>: @Snow_陌璃,<______HTY>: @桶里坐着小仙女呀,<光线蓝>: 回复 @甜文少女 :我大概属于无法接受双重人格的，看到第一次出现郁心的时候觉得好突兀，完全无法接受所以弃文了。,<欧薄荷积雪草>: 回复 @居然伐理我 :找了好久忘了是什么了！！！,<Qianoq>: 回复 @甜文少女 : @KITELSXs  这个好像拍网剧了,<KRISTIzhu>: 回复 @甜文少女 :看过最好看的美食文啊啊啊！男女主都超厉害,<freshfemale>: 回复 @甜文少女 :看了这本之后不接受其他的四爷cp文了,<你眼睛会笑眯成一条桥>: @Vicky-Wiz   有好多美食的小说[偷乐],<十二元呐>: 回复 @甜文少女 :这个好看!,<高光家的Leia>: 向烤肉饭致敬🙊🙊🙈,<Yuriadusoleil>: 回复 @甜文少女 :这本真的超级超级好看！而且重要的是 一般这本的分类都在宠文！！男主对女主简直哎哟哟 小心翼翼怕惊扰又时不时暗戳戳调戏！我的少女心！,<美少女2077>: 回复 @甜文少女 :没错！！就是这个！！几年前看过 但是因为后来一些原因就一直没看了 然后忘了名字是什么了一直都找不到 然后在这里找到了好开心！！,<睡饱就够>: 回复 @甜文少女 :看了很多很多遍了，但其实有点淡淡的虐,<我不听你别说了>: 回复 @甜文少女 :好看！,<_王钟莹F>: 回复 @甜文少女 :强推 一天刷了13集的这部小说网剧 不是水军 就是觉得真的好看忍不住分享 强推啊朋友们 不要错过！！！！！网剧在爱奇艺 叫花间提壶方大厨,<YJ-universe>: 方大厨至少看了五遍，每次都馋的不行,<a妮妮子_旅人>: [允悲][允悲][允悲]发现我看了很多,<傅兄啊傅兄>: 回复 @carolnua :我有[笑cry],<Qiikay_>: 回复 @甜文少女 :特别好看！种田美食的第一！,<尖尖耳朵的魏>: 回复 @甜文少女 :这个文笔确实不错[good],<青丝绕手_k>: 回复 @草莓气泡Oo :超好看[二哈],<MeU枫兔子洛雨>: 回复 @甜文少女 :郁狗蛋！,<一个好昵称更容易让别人忘记你>: 回复 @甜文少女 :这个真的超级无敌好看！！温馨向吧，这种润物细无声的感情才是最甜的！！！,<爱上睡懒觉的喵>: 提名一本 《饕餮娘子》很好看的 也看了好多遍,<在赏月的咖啡团子>: 回复 @甜文少女 :网剧也超棒！！！女主超耐看！！！,<小镜丸>: 喝粥求恋，丑女如菊都好看啊！平淡线那种，还有一个再也找不到了的佛跳墙，超想看的但是真的找不到了,<小镜丸>: 回复 @甜文少女 :好看的飞起,<阿生ZHANG>: 回复 @阿生ZHANG :作者是怀素,<阿生ZHANG>: 春深日暖呀[太开心],<别说话你瘦了吗>: 回复 @甜文少女 :这个超级好看！！！,<王冰冰-buling>: 回复 @甜文少女 :超喜欢绿野千鹤的作品 [兔子][兔子],<xxNEVERLANDxx>: 回复 @甜文少女 :看的实体书 好喜欢qwq,<傻帽你好L>: 回复 @甜文少女 :很好看,<你好浮屠>: 回复 @甜文少女 :这个真的特别的好看！！！！！,<方一勺最爱的席道通>: 回复 @甜文少女 :网剧也棒棒哒,<Karma彭于晏>: 爱如繁星 匪我思存,<月色尽似从前>: @菡萏初婷  快来,<刘大筝>: 回复 @甜文少女 :？？？？？看的是一本小说吗,<木林茜>: 回复 @甜文少女 :这个好好看，超甜,<不瘦下来不改名字不改头像>: 回复 @甜文少女 :这个看了n遍，特别喜欢，圆子大大的每一篇文我都喜欢，就是那种苏苏苏，但是让你停不下来，每次的受都有自己的个性，而且美食描写特别动人,<不瘦下来不改名字不改头像>: 回复 @甜文少女 :这个特别好看！！！！！！特别好看！！！,<动感大波妹>: 回复 @李季Dreamact :亲做菜的部分可以上图吗，我也想看！多谢了]
6077588122	错过就后悔的男强女强小说合集。 ​​​	[<大萌栗>: 回复 @米休MUA :评论里发了链接,<米休MUA>: 回复 @大萌栗 :咯咯哒24,<大萌栗>: 回复 @米休MUA :留百度云账号,<南音-想做大爷提词器>: 回复 @甜文少女 :我最讨厌最恶心的女主，不懂这本书怎么火起来的,<大萌栗>: 回复 @-古古菇 :留百度云账号,<一個污污的小透明>: 重生之将门毒后  算吗,<GS祭丨自古正邪邪在后>: 回复 @甜文少女 :求开车的番外[二哈],<资深晴吹>: 回复 @甜文少女 :超级好看,<V仔_虎叔不足中>: 回复 @顾长倾- :全都听过，全都没看过[摊手]我到底都看了点什么哦,<顾长倾->: 回复 @V仔_虎叔不足中 :估计好多你都看过了吧[眼泪]（然后爱情随遇而安）（秦先生你别闹）（十年一品温如言）（最美遇见你）（爱你是我做过最好的事）（温暖的弦）（君子一诺）（至此终年）（谁说我不爱你）（兔子压倒窝边草）先看这一部吧，我还记得剧情，其他真的看了太多了。都记不清，我临时去书架给你找的。哈哈哈哈哈哈,<V仔_虎叔不足中>: 回复 @顾长倾- :哈哈哈爽文可以的，甜文宠文有木有什么推荐的。感觉人生已经如此艰难，看个小说干嘛还要自虐哦！,<顾长倾->: 回复 @V仔_虎叔不足中 :我现在迷恋那种现代重生的爽文，对虐的拒拒拒[笑cry],<V仔_虎叔不足中>: 回复 @顾长倾- :是的没错，后来我看了好长一段时间爆笑文[眼泪],<顾长倾->: 回复 @V仔_虎叔不足中 :卧槽，我也是。入了这个坑之后觉得我再也不想看虐了，给还是甜点好，哪怕把我甜死都行[二哈][二哈],<顾长倾->: 回复 @甜文少女 :那么多，无论怎么样的我始终有始有终的坚持下去，唯独，这里，我还记得她碰见另一个穿越的妹子时，我就顶不住了，弃了[摊手],<行云渡月>: 回复 @Folkkkkk :迷茫 嘻嘻 今天下了好多,<番茄鸡蛋加香菜>: 回复 @甜文少女 :这文是很久以前的了，但按当时的穿越文来说文笔算很好的了，一世风流的文真的越看越热血,<北有思慕>: 回复 @用户6163387324想要一只大狗子 :就是雨化田,<正版孙悟空>: 回复 @甜文少女 :看了四遍。,<Ashleyadvanced>: 回复 @僵尸跳不动小芭蕾 :恕我直言你很有水平[噢耶],<僵尸跳不动小芭蕾>: 回复 @Ashleyadvanced :巨喜欢这个,<Folkkkkk>: 回复 @行云渡月 :是挺长的。但我没日没夜看完了哈哈哈。男主真的超好。女主后期？？？,<Folkkkkk>: 回复 @行云渡月 :哈哈哈哈哈可以,<行云渡月>: 回复 @Folkkkkk :哈哈哈哈哈哈哈哈我没睡好！不想起床！,<行云渡月>: 回复 @Folkkkkk :是的 不过太长了...我不知道看到哪里就忘记看了,<Folkkkkk>: 回复 @行云渡月 :讲真扶摇皇后还挺好看的。但是！！！！主要是男主长孙无极太好了太帅了！！！……女主倒霉催的哼,<Folkkkkk>: 回复 @行云渡月 :哈哈哈哈刚睡醒就看到这条怕是开心得要再睡会,<行云渡月>: @Folkkkkk,<伏鬼师>: 回复 @甜文少女 :我最心疼的轻染,<伏鬼师>: 回复 @女兆33333333 :我也喜欢他,<李小鱼MiniMini>: 回复 @yaooya_ :谢谢啊,<yaooya_>: 回复 @李小鱼MiniMini :百度云,<李小鱼MiniMini>: 回复 @yaooya_ :亲，你在哪个网站看的盛世嫡妃啊,<拿葱的那个个少女>: 回复 @艾斯比凉思彤-233 :好的好的，谢谢啦,<凉思彤-233>: 回复 @拿葱的那个个少女 :啊想起来了！是   妃常卧底:卯上恶劣弃妃[允悲],<凉思彤-233>: 回复 @拿葱的那个个少女 :好像是卯上恶劣王妃???时间太久了记不太清了[允悲]搜颜绯色木莲就能搜出来，啊我的小妖精啊,<拿葱的那个个少女>: 回复 @艾斯比凉思彤-233 :莲绛爸妈是哪个文啊,<白白卢>: 回复 @大萌栗 :可以发我一份吗[污],<命中缺木又缺土>: 回复 @Sea言 :都看过[笑cry][笑cry][笑cry],<Sea言>: 回复 @命中缺木又缺土 :盛世医妃，盛世谋臣，兽妃，上古，凤临天下,<软勋小哥>: 回复 @甜文少女 :我准你喜欢嘿,<初希望>: 回复 @甜文少女 :站错cp，看到后面楚乔和诸葛玥在一起，气的我不行，不明白作者为什么把诸葛玥洗白，把燕洵写成那样，不开心，我永远站楚乔和燕洵这对,<扶哥起来>: 回复 @甜文少女 :曾经在贴吧偶然看到过一个人对这本小说的评价 “隐帝过后 再无女强” 那时候很是好奇 便去看了这本小说 真的 隐帝过后再无女强,<浅茉林初>: 回复 @甜文少女 :这本真的很棒，值得看的，棒棒棒,<-觅觅寻寻>: 回复 @公子玉衡- :[馋嘴][馋嘴]哈哈,<一只爪砸>: 回复 @甜文少女 :看完表示，这得跳着看。。。。有些描写的太拖沓,<公子玉衡->: 回复 @-觅觅寻寻 :我靠居然遇见同胞了,<天时地利的迷信END>: 回复 @Jongsoo- :每一部都特别好看,<犹记惊鸿照影时->: 回复 @甜文少女 :这是我唯一喜欢男主不喜欢男二的小说,<有趣的你太少>: 回复 @嘵蛋黄 :。。。好吧,<嘵蛋黄>: 回复 @有趣的你太少 :男主对女主也是各种侮辱，不管你愿不愿意就是干你，干到你愿意为止，特别反感,<有趣的你太少>: 回复 @嘵蛋黄 :。。我真的觉得我们看得可能不是一本书[摊手][摊手],<嘵蛋黄>: 回复 @有趣的你太少 :反正我看起来除了男欢女爱就没别的了，他俩在一起除了床戏也没啥了，要不就是互相调情，就连吵架报复都是调情，反正第一次有我看不下去的小说，其他推荐也没这样,<有趣的你太少>: 回复 @嘵蛋黄 :。。。我们看的不是一部小说？？我记得没有那么多床戏啊？？？就是没有那么多啪啪啪啊？？？,<嘵蛋黄>: 回复 @有趣的你太少 :本来是想跳过床戏着看剧情的，后来发现，跳跳就没什么看的了，就删掉了,<嘵蛋黄>: 回复 @有趣的你太少 :他的爱基本都是在床上表达的，三句话不离啪啪啪，让我觉得很恶心,<有趣的你太少>: 回复 @嘵蛋黄 :那应该是各人感觉不同吧  我觉得男主对女主很好  也有尊重女主的想法  不是把女主禁锢在自己身边  即使他爱女主爱的病态  当然你也可以有自己的想法啊[笑cry][笑cry][笑cry],<嘵蛋黄>: 回复 @有趣的你太少 :从哪看出的尊重，我是一点没看出对女主的尊重，完全就是一直在侮辱]
6077588122	盘点那些值得重温N遍的宫斗文小说合集。 ​​​	[<清影妹妹呀>: @JeAnBiD    @Ushinelee    @黄金玲啊,<你瞧那有只胖梨子i>: 回复 @甜文少女 :高中一直在追的一部文，高考前夜还在看，直到看到最新章节，才放下手机，睡觉[笑cry],<xoloveJanisa勾>: 回复 @甜文少女 :作者看年更章[拜拜]我追了好几年都没追完,<布灵布灵布灵biu>: 回复 @甜文少女 :看了一点看不下去，不喜欢看各种男的与女主有太多纠纷的，,<马莉安娜的梧桐树>: 妃嫔这职业也好看,<我的大几吧呢>: @58号房客  ！！！,<木木酱_韩>: 回复 @甜文少女 :演一辈子的戏，这女主也够杯具了。,<Z_twilights>: 回复 @煜见尼-KQ :超喜欢嫔妃这职业看了好几遍,<Z_twilights>: 回复 @甜文少女 :超喜欢这个,<看见朕还不快叫爷爷>: 回复 @甜文少女 :这个作者的文笔和情节布置勉强及格吧。跟12年风流书呆那个〈天后PK女皇〉差不多水平。我撑不下去了，大家加油。,<也许他是对的>: 回复 @我的酷哥哥 :谢谢哈，之前有人分享已经看过了[太开心],<Jvampane>: @没想到你是这样的熊   @5DMduck,<嘵蛋黄>: 回复 @甜文少女 :乱伦还是来不了,<我的酷哥哥>: 回复 @也许他是对的 :你现在还需要淑妃的百度云吗,<任冰蕾L->: 回复 @甜文少女 :有同类推荐吗[污],<三眼皮的日常>: 回复 @甜文少女 :感觉，女主有点弱智[doge],<半凉青尧>: 后宫升级记！！！强推,<挂在树上的胖达达>: 回复 @甜文少女 :这本不错,<洲潇是宙筱>: 回复 @甜文少女 :看了不下十遍，五年来我心里绝对的宠儿,<珠玉在前_Echo>: 回复 @-意识流- :甄嬛传写的比这个早。,<阿翟不卡>: 回复 @瓦妮莎吃西瓜 :没区别,<瓦妮莎吃西瓜>: 回复 @阿翟不卡 :宅斗？,<阿翟不卡>: 回复 @瓦妮莎吃西瓜 :你看的不是宫斗是什么,<瓦妮莎吃西瓜>: 回复 @阿翟不卡 :我不看宫斗好多年，一本都想不起来,<SaKuraDONG>: @Dear何必执著1张脸,<hengheng_y>: 回复 @甜文少女 :这个刚看完，女主真是顺风顺水啊,<烧饼卷葱>: 回复 @甜文少女 :[费解]推荐的人真的走心了吗？老文的文笔我就不说了，宫斗技术也太次了，不是很懂作者思路好吗？？！,<曹解忧->: 回复 @甜文少女 :很好看啊，我看了漫画才去看的小说。,<商商言>: @会弹吉他的小刺猬  看看有没有好看的,<装甲人员>: 回复 @甜文少女 :好像皇瓜呀,<羊七七七七>: 回复 @甜文少女 :看这个还不如看甄嬛传,<xxxidhtonl>: 回复 @甜文少女 :这个超级好看的！！,<小凯超人_>: 回复 @甜文少女 :看过好多次了,<小霍九>: @Euphoria璐,<布灵布灵布灵biu>: 回复 @甜文少女 :这个看到一半弃了,<心中鹿_眼中路>: [并不简单][并不简单][并不简单]又到了追文的时刻,<你要举高高吗>: 回复 @甜文少女 :啊啊啊刚刚看完 简直不要太好看啊 沉迷不可自拔 有没有同类推荐啊[笑cry][笑cry][笑cry],<北极狐唯>: 有没有那种 一开始就是皇后的文 不是特别宠 我记得以前橙光有个游戏是这样的[二哈],<电竞毒berber>: 回复 @甜文少女 :今天看完 太好看了 就是少了点,<xxlxll>: 回复 @色号875 :顶顶顶顶顶,<阿宋举个栗子>: 回复 @甜文少女 :进宫不是昭尹的意思，只是公子不想娶我罢了，,<北极狐唯>: 回复 @漂浮的人只想抓紧 :抄的哪个？？？,<蒋震震2014>: @留不成指甲就喊我二哈,<峤峤好憔悴>: 回复 @柚子味的大土豆 :同感 同感 真心不知道好看在哪 像开挂了一样 太假了,<柚子味的大土豆>: 回复 @峤峤好憔悴 :没错没错，像庶女有毒！不知道好看的点在哪里，女主一秒看穿别人的阴谋诡计，除了女主之外的人都很蠢[二哈],<找到一个不被占用的昵称>: 回复 @城南旧事啊_ :买了实体书的我表示超虐啊，奴兮身边的人走的走，散的散，叛的叛，权禹王都离开她了[泪],<秦燕新>: 回复 @甜文少女 :哈哈，这个女主可以看到鬼的，超级搞笑,<Spentoo>: 回复 @甜文少女 :不好看！流水账！无语了 一点都不宫斗,<别说笑xuerong>: 回复 @甜文少女 :看了四遍,<桃之夭夭娆娆>: 回复 @哎呦哎呦哎西吧 :小薛采,<有妖出没噢_875>: 回复 @甜文少女 :超甜,<弹小红帽的小姑凉>: 《妃子不善》算吗[鲜花],<我们半路相遇都是成品>: 回复 @哎呦哎呦哎西吧 :好的，谢谢你哦,<阿瑶吖唉西>: 回复 @我们半路相遇都是成品 :唉？没有哎，我很少用百度云，要不你试试乐文小说？]
6077588122	那些经典又精彩的宅斗文小说合集。 ​​​	[<realock>: 回复 @甜文少女 :这个作者写的女主就是很喜欢纠结一些没用的东西,<林陆骁是我的本命>: 回复 @甜文少女 :无法接受16岁的男主娶了17岁的女主,<林陆骁是我的本命>: 回复 @甜文少女 :顾锦朝，我生气的时候控制不了自己，离我远点,<槑有金豆豆的爱丽丝>: 回复 @甜文少女 :有人看过高门嫡女吗 我刚下了知否开始看感觉和高门嫡女里面对白太像了 谁抄的谁吗[疑问][疑问][疑问]高门嫡女也炒鸡好看看了好多遍的[失望][失望][失望],<狗闺女>: 回复 @甜文少女 :这个好看死哈哈哈哈哈哈哈哈！！！！！！！！！！！！,<雪宝麻麻嫻>: 回复 @甜文少女 :这绝对是我最喜欢的小说，最爱三爷,<鱼眠2000>: 回复 @噙朱 :超级好看最近的嫡嫁千金也好看。,<小逗逗娘>: 回复 @甜文少女 :我很喜欢作者很淡然的文笔，强推,<公瑾侯塞雷>: 回复 @Vivianene :谢谢排雷,<清歌白酒>: 《嫡谋》我觉得也算宅斗文，只是有三本，我看到最后没找到男主[汗][汗][笑cry],<晏晏不可能那么可爱>: 回复 @救你妈去吧我再游会儿 :好爱御凤檀 四刷了,<Ioli酱>: 回复 @甜文少女 :想看金枝的同学建议你先不要看，因为还没有完结…很揪心,<夹心夹>: 回复 @甜文少女 :女主超可爱,<啊梦啊梦啊梦>: 回复 @甜文少女 :我有全套书[二哈],<扎心了江海涛>: 回复 @甜文少女 :原来我看了没看完的那本书叫庶女攻略[悲伤]很有味道的一本书。男女主感情戏也很细腻,<扎心了江海涛>: 回复 @甜文少女 :错压男主举手[二哈][二哈][二哈]错压叶限 最后招架不住陈三爷的温柔,<扎心了江海涛>: 回复 @一六一十酒 :我也不喜欢这个剧情 看到了男女主结婚后弃文了 最近又重新看起来 不知道看到他们结婚会不会再次弃文[悲伤],<木木-LLM>: 回复 @甜文少女 :原来推荐了[允悲][允悲],<木木-LLM>: 回复 @甜文少女 :推荐这作者的另一部【娇娘医经】,<为了不暴露我变身潜伏中>: 回复 @甜文少女 :这本好好看啊！,<海鹽焦糖星冰樂>: @伤心乐柿  你要宅鬥文,<我是小蝈蝈只会过过过>: 回复 @甜文少女 :还有君九龄,<我和小婊砸们的撕逼生活>: 回复 @甜文少女 :陈三爷简直就是梦中情人的标准，然而也只能在梦中[二哈],<不会唱小星星的阿星星>: 回复 @甜文少女 :我有这个资源，需要可以加我百度云，FUTTST,<_七月骄阳>: 回复 @甜文少女 :这个真的好看！看了好几遍了！,<公子七锦>: 回复 @袁杭吖 :收藏,<袁杭吖>: 回复 @甜文少女 :我觉得这个好好看！！！,<袁杭吖>: @公子七锦  快看这个,<猫姐姐啊>: 回复 @甜文少女 :这部不是宅斗好吧,<小菩提葡桃>: 回复 @甜文少女 :啊啊我的三爷  可爱了 这种大叔,<小菩提葡桃>: 回复 @甜文少女 :这个敲击好看的勒 很经典 不会发生像其他看了一半看不下去的现象,<陆十声>: 回复 @甜文少女 :我感觉这个超长的 我看了一个暑假 但是看完是确确实实佩服作者缜密的心思和整体的布局,<陆十声>: 回复 @p橘遥 :我在淘宝花一块买的电子版看完的[笑cry],<斜玉景的璟>: 回复 @斜玉景的璟 :我都艾特你好久了！,<SEE0l>: 回复 @斜玉景的璟 :我现在才看到，三本中只有嫡谋没看了，去刷刷,<ehayam>: 回复 @易水云榭 :最爱的男主[舔屏],<第三个司命>: 回复 @甜文少女 :这个很不错，当初看的时候已经更新大半了，后来又一章一章等更新，当时最操心的就是他们如何名正言顺的结婚,<苏鱼R>: 回复 @我叫大车车车 :我也是 看前面几章就想弃了,<神仙姐姐zlj的小号>: 回复 @甜文少女 :难道就只有我一个人喜欢贺弘文嘛呜呜呜 好心痛啊说起来连男二都不算,<秋秋秋秋秋刀鱼罒o罒>: 回复 @甜文少女 :这个真的超级好看，从女主十三四岁出家到继子都生孩子了，全程不会枯燥，很有意思，自己看的唯一一篇这么长的文！,<水瓶妹纸lyw>: 回复 @甜文少女 :男主有点精虫上脑。。。,<十六zz>: 回复 @甜文少女 :文是挺好看，可惜这个是烂尾了吧,<盒盒鱼烧qwq>: 回复 @甜文少女 :哇这个很棒的,<浅浅学姐>: 回复 @甜文少女 :在逗我吗？看的着急死了 本书中心思想就是 一女主长的很好看大家都想搞她 二女主誓死不做妾 并且为了这个磨了半天 总之这本书可以叫 重生之我不想做妾 看到百分之六十我就弃了,<你好浮屠>: 回复 @甜文少女 :啊我的妈呀我可喜欢叶限了结果男主不是他！！！,<霧島雅彦>: 回复 @-晏小仙 :OK，收藏,<-晏小仙>: @霧島雅彦  [喵喵],<夏渝浠>: 回复 @甜文少女 :我就猜第一名一定是知否！！！！！最好看宅斗文没！有！之！一！强推强推强推强推！[爱你][爱你][爱你][爱你][爱你]太爱了,<心中鹿_眼中路>: [并不简单][并不简单][并不简单]追文使我快乐,<我是晨曦的曦>: 回复 @甜文少女 :这本结局好仓促的感觉,<一个没有昵称的人的昵称>: 回复 @甜文少女 :三爷,<准时清醒着>: 回复 @甜文少女 :宋墨！,<_七月骄阳>: 回复 @甜文少女 :这个挺好看的,<Gdoubledouble>: 回复 @甜文少女 :百度搜不到资源]
6077588122	盘点那些不能不看的姐弟恋小说合集。 ​​​	[<亦菲和杨洋今天在一起了吗>: 回复 @甜文少女 :看了开头，好喜欢姐姐，率真不扭捏，还有点儿逗逼,<卓雅端呗->: 如果天空会流泪呀,<猕猴爱吃桃7>: 回复 @甜文少女 :三观不正，讨厌女主,<胃连着银河系的少女>: 有没有人看过一本姐弟恋，女主的姐姐死了，留下一个孩子，女主去姐姐的城市查明真相，然后遇到了男主，男主是女主姐姐老公的侄子,<九天太子夜华>: 想看这个// @甜文少女 :《原来爱很殇》蓝白色，相识，她8岁。他戴着火红的帽子，围着妈妈织的围巾，小脸上挂着怎么也擦不净的鼻涕：“姐姐，我们回家吧！”后来，她19。他穿着黑色的风衣，围着她的围巾，自后轻拥她，尖削的下巴搁在她肩头：“姐，我已经比你高了。” http://t.cn/z0salmn,<违章动物76>: 回复 @甜文少女 :男主忠犬+嘴炮属性，太萌了[鼓掌],<江山榆青>: 回复 @甜文少女 :是真的好看,<少年盛之>: 给你们推荐一个，叫《骆驼祥子》。,<是不是真实存在的呢>: 回复 @甜文少女 :这个太好看了！,<源宝长高高熊猫宝宝滚滚来>: 回复 @甜文少女 :我就等着这本被推荐,<江江有只小羊驼和小豆苗>: 回复 @Helen-l-h :谢谢[太开心],<Helen-l-h>: 回复 @江江有只小羊驼和小豆苗 :真的祝福,<z风-韻>: 回复 @甜文少女 :亲，能不能分享一下这本书的链接。谢谢！[祈祷][祈祷][祈祷],<Lyy_Odessa>: 回复 @甜文少女 :好看好看真的好看 满满的剧情 看了就停不下来！,<江山榆青>: 推一部不火但是真的好看的姐弟恋小说《潋滟江山》文笔 剧情都很棒！翻来覆去看了好多遍了！这么好看的小说竟然不火！？,<那个女生叫许希微>: 夏有乔木雅望天堂,<你背媳妇>: 回复 @甜文少女 :这个，姐弟文的巅峰之作,<想做butterfly的皮卡丘>: 回复 @一直不停改名一定是强迫症 :小学的时候看过的[挖鼻],<皓月199402>: 回复 @甜文少女 :这个是我第一次看的姐弟恋小说，超好看[挤眼],<mengkkkkk->: 求推荐亲姐弟恋 最好虐的,<我是会员那你给我改名啊>: 回复 @甜文少女 :滚滚滚，去她妈的不要脸女主[微笑],<ErrorCode13>: 回复 @李琬瑩- :求这个类似的小说！这个好看诶！,<顾晚晚w>: 回复 @看不了我嵩演唱会不改名 :超好看！,<小楚钰啊>: 回复 @阿哦费费 :初晨看一次哭一次  好久quanbuhuolas,<justqyq>: 回复 @甜文少女 :超好看,<不知lsk>: 《七月七日晴》真是虐哭我了,<朴寶刀_ParkBoDo>: 回复 @一只甜猫_seven :四五年之前看的了，记忆有偏差[允悲],<biu_雨晴>: 回复 @甜文少女 :好看,<老韩的小公举>: 回复 @甜文少女 :T大皆珍品！！强推  敲好看的昂[爱你][爱你]！！！！,<什锦味的维纳斯>: 回复 @-Lyhhhhhhh- :还有我,<什锦味的维纳斯>: 回复 @甜文少女 :第一部夏木和雅望，我没有哭。第二部，曲蔚然和夏彤，哭得稀里哗啦的,<onnng酱>: 回复 @甜文少女 :有资源吗 为啥我找不到,<L_78逍han>: 回复 @矫情少女不思春 :德国恋人？姐弟恋的,<L_78逍han>: 回复 @败火筐箩 :大哥 这不是姐弟恋,<L_78逍han>: 回复 @Allison陳- :那个啥 你说的兄妹恋是有血缘的还是只是男的比女的大[doge] 如果是后者的话就多了,<夏渝浠>: 回复 @甜文少女 :我生君未生，君生我已老。   我恨君生迟，君恨我生早。   恨不生同时，日日与君好。,<刘蕴以>: 有生之年 将醒 应许之日这三本是我看过最好看的,<刘蕴以>: 回复 @隔壁班的二花姑娘 :t大的书很多结局都是在番外[二哈],<刘蕴以>: 回复 @甜文少女 :这个强推,<岁月寄歌么么哒>: 回复 @江江有只小羊驼和小豆苗 :可以啊，,<来自马二爷家的西瓜>: 回复 @甜文少女 :不喜欢女主，心疼凉生（凉生我们可不可以不忧伤要播电视剧啦，预计今年暑假，男主是我二爷！马天宇！）,<很无趣了>: 不客气儿子 @小狮维尼,<绵绵1107>: 有谁看过化外之国的与子成说永结的？,<我看见海洋x>: 回复 @春田花花幼儿园小班班草 :我T大的有生之年[心][心][心]万昆小兄弟啊，做过牛郎也依旧爱hhh,<PURE-COTTON->: @-Mystlu-,<HaYoung吴>: @TeaHyungA,<AmQr_>: 回复 @名字是火羊的烊 :我也感觉不出好,<M鹿小豆M>: @海若有因jin,<kkkxiiw>: 回复 @艽桾 :毕业看哈哈哈！,<艽桾>: 回复 @葳的蕤 :《彼爱无岸》[色],<少女瘫>: 回复 @一罐甜豆 :我看不进去bg！！！！你一人独享吧[允悲],<一罐甜豆>: @少女瘫  [doge][doge][doge]]
6077588122	整理了那些甜蜜又苦涩的暗恋小说合集。 ​​​	[<推倒一只呆呆龙>: 回复 @甜文少女 :这个和橘生淮南一起看完了，感觉不比后者差,<xmxyxwq>: 回复 @-白啊子- :谢谢,<-白啊子->: 回复 @xmxyxwq :初中的时候啦,<xmxyxwq>: 回复 @-白啊子- :我是在同学那看的很喜欢，但我买不到书了，而且网上的也不全，你是什么时候买的书？,<-白啊子->: 回复 @xmxyxwq :就是看的实体,<xmxyxwq>: 回复 @-白啊子- :是不是玖玖的那本,<xmxyxwq>: 回复 @-白啊子- :你有实体书吗,<少女李鑫>: 回复 @好端端的一颗西瓜籽 :[拜拜][拜拜][拜拜][拜拜][拜拜][拜拜][拜拜][拜拜][拜拜][拜拜][拜拜][拜拜][拜拜][拜拜],<好端端的一颗西瓜籽>: 回复 @少女李鑫 :我们不需要呀,<少女李鑫>: 回复 @好端端的一颗西瓜籽 :你这个只艾特了我一个人🙃,<那个女生叫许希微>: 初晨，是我故意忘记你 夏有乔木雅望天堂,<I_AM_YY_>: 回复 @甜文少女 :看了一点点。,<阿包包472>: 回复 @我是瑞琪-Rachel :其实琦琦应该没有喜欢小波的，他更多的是一个方向,<阿包包472>: 回复 @甜文少女 :超级！我看了很多很多遍,<洛媱今天连跪了嘛>: 回复 @甜文少女 :两个男人都无法割舍啊！！都好喜欢！！！,<韩lInzi>: 回复 @甜文少女 :现在不敢听光和又见炊烟,<水煮牛肉吧>: 回复 @甜文少女 :如是的都是好文，超级赞,<水煮牛肉吧>: 回复 @甜文少女 :喜欢,<M鹿M_易烊千玺>: 回复 @甜文少女 :我啷个觉得很一般啊,<北栀海i>: 回复 @钟情于石晶晖啊 :虽然名字很。。。但是笔文很好,<北栀海i>: 回复 @初晴欲雨 :励志,<水煮牛肉吧>: 回复 @甜文少女 :炒鸡炒鸡好看，最爱如是,<咸鱼籽A>: 回复 @我爱吃蛋糕啊 :不是,<我爱吃蛋糕啊>: 回复 @咸鱼籽A :bl的么,<什锦味的维纳斯>: 回复 @甜文少女 :反思录,<了生不羡>: 回复 @是可期啊不是可欺 :有百度云分享吗？？[好喜欢],<全球首席辣条娘>: 回复 @鹿先生的留声机 :我也是！唯一一部喜欢巨喜欢女主角的小说！,<小蛋壳萌萌哒>: 回复 @甜文少女 :[爱你],<LMiss薄雾>: 回复 @端庄的熊 :有点拒绝,<端庄的熊>: 回复 @LMiss薄雾 :要拍电视剧了,<希俞徐>: 回复 @氧好足 :哈哈哈哈哈就好好,<Y-Y--J>: 恶魔老公，请节制！  名字恶俗，但男主暗恋女主十几年,<HUANGYUQI>: 回复 @甜文少女 :求百度云盘,<满岛合>: 回复 @氧好足 :哈哈哈哈哈哈哈,<拾玖时>: @關於馮佳    @带你浪zy    @松島英英,<抹茶松鼠鱼_>: 回复 @甜文少女 :陆励成真的太tm虐了，钟汉良演的好好[感冒],<是卜算子呀>: 回复 @甜文少女 :百看不厌,<一片西瓜靥>: 回复 @Bulingoka :[二哈],<周笔畅呀呀呀呀>: 回复 @一片西瓜靥 :哎呀 撞头像了哈哈哈,<山口组组员>: 回复 @甜文少女 :这个把暗恋写的太真实了,<三三不是七七>: 回复 @甜文少女 :就记得这个了[爱你],<mostaza吼>: 橘生淮南啊！雪地里望着施华洛世奇广告的洛枳的背影[伤心],<梦乜盛世花>: 良辰多喜欢[心]女主暗恋男主十一年[微风]何所冬暖何所夏凉[心]男主暗恋女主十二年[心],<梦乜盛世花>: 回复 @Poolguy-yee :啊啊啊终于看到有说冬暖夏凉的了！,<skyot>: 回复 @明月_VV :最喜欢这两个女生,<Memory-佳>: 回复 @甜文少女 :八月的,<seogyeolhyeng>: 回复 @甜文少女 :好喜欢小波,<伽蓝非阑>: 回复 @甜文少女 :世界微尘里也很好看[胜利]️,<小敬宜LL>: 偏爱    超级好看！！,<皮卡丘roledays>: 回复 @甜文少女 :这本真的忒好看了！,<林易inn>: 赠我予白[doge],<是大可不是Duck>: 回复 @甜文少女 :如果不看评论我现在都以为男主是陆[二哈]]
6077588122	盘点这些年最值得看的养成文小说合集。 ​​​	[<胡西湖溪>: 回复 @吃葡萄不吐葡萄籽儿的一只雪 :这个算是很经典的养成文了，好看的,<胡西湖溪>: 回复 @28clips :怪姐姐，所以是弟弟是被养成的那个了，太恐怖了,<Weiting婉>: 回复 @甜文少女 :这个真的好看！！刚看完,<瑜洲家的wifi护身球>: 回复 @甜文少女 :超级喜欢这个,<不努力的白白不是好白白>: @王细细i  [羞嗒嗒],<Chester504>: 回复 @甜文少女 :就感觉文笔一般 太曲折了 为了反转而反转,<bhxoo>: 楼主发的文好多被吞了么？第二次点进来就没有了？？？？？[吃惊],<石尤>: 全是bg╭(╯^╰)╮想看bl的养成文,<石尤>: 回复 @甜文少女 :bg还是bl？,<女之耽兮不可说也丶>: 回复 @甜文少女 :这本书很有水准啊[并不简单],<桃之木夭>: 回复 @甜文少女 :这个我初中时印象比较深刻的一篇了，还不错[开心],<绾叔_>: 回复 @甜文少女 :好看好看好看这个[doge],<羊鹿撒浪嗨>: 回复 @我也不知道取什么咿 :狐狸叔叔超好看！,<Kang_KangKangKang>: 回复 @甜文少女 :这本超级好看,<彭于晏你怎么还不娶我>: 回复 @500哟哟哟爱追剧 :谢谢你啊小仙女,<秦七录>: 回复 @甜文少女 :强推啊,<我听说的你>: 回复 @還骸 :收！,<PraNnn>: 回复 @甜文少女 :同作者的还有一本叫偏爱，我觉得还可以,<我是文艺小清新呵呵呵>: 回复 @是六岁呀 :就在这楼里,<我是文艺小清新呵呵呵>: 回复 @是六岁呀 :你往下翻翻 我之前给别人发过,<是六岁呀>: 回复 @忽而今夏_m :求网盘[污][污][污],<你梨可爱>: 回复 @甜文少女 : @萝莉赵大可,<卡米尔的宵夜>: 回复 @甜文少女 :这篇有毒…说爱就爱…,<卡米尔的宵夜>: 回复 @甜文少女 :告诉我，点赞的人抱着什么样的心态[二哈][二哈][二哈],<长安非安s>: 回复 @甜文少女 :这个真的巨好看,<kamewang>: 独宠萌妃和腹黑太子天降萌妃，算不算？我刚二刷，挺好看呀！！！！,<還骸>: @我听说的你   去吧！,<小米翠小米>: 回复 @甜文少女 :可兴天下可亡天下，大爱啊,<浅浅学姐>: 回复 @甜文少女 :超喜欢,<木落风高天宇开>: 魔王奶爸。9歲主角單純 真養成，喜當爹。,<ISChaCha->: 好多都看过 觉得挺好看的 但是不能说很好看 不过耳东兔子和玖玥希还有温昶，许森然，折火一夏还有我最爱的沐笙箫 他们的文都很好看，强推一下,<ISChaCha->: 好多都看过 觉得挺好看的 但是不能说很好看 不过耳东兔子和玖玥希还有温昶，许森然，折火一夏还有我最爱的沐笙箫 他们的文都很好看，强推一下[嘻嘻],<bemoncherobic>: 回复 @甜文少女 :还有类似的小说么[爱你][爱你]我超级喜欢的,<潘家甜仔>: 回复 @甜文少女 :关键是这个各种助攻也特别好。最喜欢的配角是大嫂和宜岚~人物设定太好了,<顾子约>: 回复 @甜文少女 :这个挺有趣的，女主穿越到一个世界里把男主当弟弟养大，女主挺有意思的，三千琉璃其他的几本也很有趣，强推,<Mei-Y_鲜吱>: 丁香花菩提树，，超好看的,<原味的才是最好的>: 回复 @甜文少女 :哇哇哇，超爱的！,<减肥呢别闹>: 回复 @不要犯蠢 :老好看了！,<-爱你哟i>: 回复 @麻辣滋味酱 :爱问共享有资源,<Bebebibi->: @梁梁梁梁梁梁小龟,<_linglings>: 回复 @甜文少女 :这书，有点白痴,<双眼皮的wowo>: 想看女主养成男主的小说古言,<旧城jwy>: 殊途同爱 超级好看,<哦豆开>: 求推荐   古代养成,<甜酸Jiang>: 回复 @甜文少女 :籽月的书虐文虐得毫无逻辑，萌宠文傻白甜得看不下去[拜拜][拜拜][拜拜],<一瓶橘子果酱几块钱>: 回复 @甜文少女 :故事进展循序渐进，感情恰到好处。温柔如水又深情似火，推荐！,<俞萱叔叔>: 回复 @甜文少女 :喜欢,<萌大昱>: 回复 @滚蛋妈蛋混蛋 :超级虐,<心田有只鹿>: 回复 @500哟哟哟爱追剧 :爱你,<HaYoung吴>: @TeaHyungA,<口十HL>: 回复 @甜文少女 :这本好像抄袭了苏格兰折耳猫的与你有关的事的思路了[摊手]，连姓都不改[拜拜],<阿陛>: 回复 @甜文少女 :这个我看了两遍！完了之后就特别迷这种改革开放时期的文,<喵哥在路上注意接收>: 想看女主养成男主]
6077588122	这真的是一条错过就后悔的公路文小说合集。 ​​​	[<郑允浩_爱你是我的英雄梦>: 回复 @甜文少女 :一夜看完 太好看了,<彭野彭野->: @kikoruka   找到好东西了,<的确是小确幸>: 回复 @会飞的表鸽 :我觉得还挺吓人的，但是真的好看,<陳偉霆的大白牙W>: 回复 @甜文少女 :尾鱼大大的书都超级好看！,<陳偉霆的大白牙W>: 回复 @甜文少女 :他知道风从哪里来抄袭怨气撞铃就别一个劲刷了吧……不知道的百度…,<灿阿耶>: 回复 @甜文少女 :我是程珈摄影师程珈,<荡儿Thui9>: 回复 @甜文少女 :超级喜欢！兜兜麽文笔真的好就是不知道为啥没多少人知道,<会飞的表鸽>: 回复 @D_LLL666 :恐怖吗,<大爱我薛ye>: 回复 @甜文少女 :结局好的还是虐的？,<小益达的花儿>: 回复 @sesese郝 :哈哈哈哈哈哈[笑cry][笑cry][笑cry][笑cry],<sesese郝>: 回复 @小益达的花儿 :西游记[doge],<小益达的花儿>: @sesese郝  [doge][doge][doge],<你好我叫陈花花>: 回复 @甜文少女 :屠路,<吧唧爱我>: 回复 @甜文少女 :不舍得看完,<哈哈哈哈哈哈呵呵呵嗯嗯嗯>: 回复 @第一控球后卫 :好多人都在推荐他知道，可是明明就是抄袭这本哪，真的有点悲伤[笑cry],<喵喵abcd017>: 回复 @甜文少女 :真的虐,<你说江南烟胧雨>: 回复 @甜文少女 :很好奇又是我t大[羞嗒嗒],<库奇库奇巴拉巴拉>: 回复 @我是你隔壁的阿聪 :都听不见,<略略相同>: 回复 @甜文少女 :好看好看好看，重要的事情说三遍，还有西出玉门七根凶简半妖司藤开封志怪，最喜欢七根凶简了,<Annnnn面包酱>: 哈哈哈哈哈哈几乎都看完了，沉迷公路文心不死！,<大于等于零>: 回复 @甜文少女 :西游记,<十七里路长日暮>: 回复 @甜文少女 :这本真是我的心头好！,<十七里路长日暮>: 回复 @_GuAo_ :这本比今夜离港先出啊。。只有传今夜离港抄袭它的。。,<不停不停地转>: 回复 @甜文少女 :难过,<的确是小确幸>: 回复 @甜文少女 :这个贼好看啊，一看就上瘾根本停不下来,<zZTTTT_>: 回复 @甜文少女 :这本书哭的我喘不过气,<孔没钱与夏不完>: @Liazzz筝筝,<-咸鱼一只>: 回复 @甜文少女 :好好看的小说！！！！一天看完,<燕伯西喈子>: 回复 @须臾客 :我一看到这个作者名就想艾特你 hhh,<须臾客>: 回复 @燕伯西喈子 :这部我一般，我喜欢《忍冬》,<燕伯西喈子>: 回复 @甜文少女 : @须臾客,<哈喽一檸檬草冰>: 回复 @甜文少女 :这本好看到爆炸！爆炸！超好看！看了十几遍了,<李露姿囖>: @陈璐璐啊    @Hehailunlun    @子衿997768    @YUREN_ANY,<怡宝Luckily>: 回复 @甜文少女 :超喜欢这类文,<彭野__>: 回复 @甜文少女 :我只站彭野[摊手],<9不多啦>: 原来我爱看的是公路文🙊,<9不多啦>: 回复 @甜文少女 :这个强推🙉刚看完，,<凉时薄幸>: 回复 @甜文少女 :求别再推他知道风从哪个方向来了，我也很喜欢，可是玖月晞去年几本书被扒融梗闹得那么大你们都不知道的吗,<Junely-X>: 回复 @甜文少女 :太好看了 虐！,<青团子不是青的是绿的>: 回复 @鹿的心里 :去吧～,<东城区宅男的酸辣粉>: 回复 @青团子不是青的是绿的 :啊已经快更完啦 那我要去看了哈哈,<青团子不是青的是绿的>: 回复 @鹿的心里 :好看啊我刚看完，在看番外还没有完结,<东城区宅男的酸辣粉>: 回复 @青团子不是青的是绿的 :七根凶简和怨气撞铃超好看啊 好喜欢罗韧和岳峰 西出玉门还没看 好看吗,<啃饭否>: 回复 @_GuAo_ :并没有抄袭...,<我是他的小海豚>: 回复 @Confessor_若是想念有声音 :[嘻嘻][嘻嘻][嘻嘻],<Confessor_若是想念有声音>: 回复 @我是他的小海豚 :~\(≧▽≦)/~巧了，我闺蜜上周日艾特我，刚才看到你10号也艾特了我，谢谢您。X﹏X,<aaabis>: 回复 @甜文少女 :我刚看完这个就想知道是融了哪些[二哈]毕竟真的很好看,<瑜你Y>: 回复 @甜文少女 :他要像一棵树[伤心],<瑜你Y>: 回复 @第一控球后卫 :好久缓不过来的那种心疼,<布初西西Xx>: 回复 @甜文少女 :昨晚看到三点把归路看完了！好喜欢路晨和归晓，不过这不算公路文吧？,<请抵拢再倒拐>: @枕上臻茶river,<忍冬dan>: 回复 @甜文少女 :好喜欢这个作者的，印象最深是《那个不为人知的故事》,<我是你隔壁的阿聪>: 最爱的现代文作者 金丙 蟹总 不经语 古文 关心则乱 情歌一片 暮兰舟]
6077588122	微博上最全的高质量电竞文小说合集。 ​​​	[<Somous94>: 回复 @从今天起做一个猕猴桃 :可他们是英雄联盟[doge],<Somous94>: 回复 @甜文少女 :第一竟然不是微美，导致我想看这部了,<yoho粉龙>: 回复 @甜文少女 :女主很萌啊对一个女生来讲都想把她保护在怀里,<爱吃冰淇淋的大狸子>: 回复 @甜文少女 :这明明打的是lol，为啥一群说想玩王者的,<worId6世界6>: 回复 @yanmyueeeeer- :求资源啊仙女qwq,<-迩荋>: @唱rap的鱿鱼  自己找！！,<且尽责吧>: 回复 @甜文少女 :“叫你诚哥行吗？”“叫爸爸都行”,<锺情予你>: @胖大海是大改-,<饕餮佳辰>: 回复 @甜文少女 :墙裂推荐作者的另一本书 他从火光中走来 很感人 三观超级正！让人们关注理解尊敬消防员[心]男女主也都很有个性,<唯蓝唯凯>: 老子好喜欢诚哥[允悲][允悲],<可是你吖>: 回复 @甜文少女 :为我的烦烦疯狂打call,<TharPink>: 回复 @甜文少女 :刚看完，太甜了!表白我点哥!!,<待字闺中无人识>: 最近迷上电竞文[太开心],<可爱心喵w>: 回复 @甜文少女 :诚哥最帅哈哈哈,<一只大写的Totoro>: 回复 @二十三三十二- :哈哈哈哈哈哈突然好想推荐你一本更新的超级超级慢的娱乐圈小说了，娱乐圈之女王在上,<二十三三十二->: 回复 @一只大写的Totoro :我看的正带劲，突然就没了！！！！以后我再也不看连载的了[笑cry],<一只大写的Totoro>: 回复 @二十三三十二- :握手，我也很心塞(•̩̩̩̩＿•̩̩̩̩),<Attendez-moi->: 回复 @-年宋 :[哈哈],<二十三三十二->: 回复 @一只大写的Totoro :电竞女神的作者最后说此文抄袭，不会在写[摊手]，我有句mmp不知当不当讲，好心塞,<二十三三十二->: 回复 @一只大写的Totoro :入坑了，到现在都不更新[摊手],<不上川大不改名的鹿>: 因为电竞文入坑王者荣耀，现在沉迷游戏无法自拔[允悲],<-年宋>: 回复 @-年宋 : @Attendez-moi-   @Attendez-moi-   @Attendez-moi-,<-年宋>: @Attendez-moi-  良心安利,<啊楠Ayo>: 回复 @甜文少女 :小胖：我把童谣当队友，你却想要她怀孕,<某鱼_MY>: 回复 @甜文少女 :高考前刷了这几本[笑cry][笑cry][笑cry],<盒盒盒盒盒啊啊啊>: 回复 @甜文少女 :真的超好看啊[泪][泪]几天刷一次,<二十三三十二->: 回复 @垃圾话也写在日记本 :你不说我之前都没有发现,<Ice榴莲猪>: 回复 @回头太难xr :求个链接,<魔法少女小初>: 回复 @甜文少女 :这个超好看啊！,<MAX庄>: 般配，新文超好看,<刘FD>: 回复 @甜文少女 :[允悲]第一次通宵就是为了看这本小说,<mayuyu的布丁狗>: 回复 @甜文少女 :图片评论  http://t.cn/RKVuRaf,<mayuyu的布丁狗>: 回复 @甜文少女 :为全职疯狂打call！！！！,<流浪的果咩咩>: 回复 @甜文少女 :妈的这个血[马头]爆炸好看 好看cry,<无关轻狂>: 回复 @甜文少女 :啊啊啊啊啊啊超爱超爱的,<煮花煮草煮红豆>: 回复 @甜文少女 :给全职打call！！！！,<大大的迷藏>: 回复 @今天买的起HR了吗 :这个不好看么？,<盖世英雄金泰妍>: 回复 @甜文少女 :全世界最苏的韩商言啊啊啊啊啊啊啊啊,<盖世英雄金泰妍>: 回复 @甜文少女 :为啥上不去,<SHAZIl->: 回复 @甜文少女 :求软件,<__梨绘>: 回复 @甜文少女 :“过去两年零三个月，赢过、输过、笑过、哭过，被质疑、被绯闻、被非议、被黑幕，从未辩解，无需辩解。今夜华筵终散场，功成名遂，满目荒唐。”超喜欢Wuli Gun神！,<病娇的长腿叔叔>: 回复 @凌霄SECRET :棒,<凌霄SECRET>: @病娇的长腿叔叔,<LiuHYYY>: @凌霄SECRET,<莫一球就是爱忧伤>: 回复 @甜文少女 :这个真的好好看啊！第一第一！又搞笑又暖！诚哥有钱诚哥给[羞嗒嗒],<垃圾话也写在日记本>: 姐妹们 搞清楚电竞文和网游文的区别好噶？,<AI49->: 回复 @像欲 :可以的,<YKUBIH>: 说到底我还想问你们，Gun神和陆思诚选哪个[喵喵]好了不要议论了，都是我的[微笑],<像欲>: 回复 @甜文少女 : @AI49-,<梁白开suger>: 回复 @芒果麻薯味邦迪 :哈哈，去年过年的时候,发现我小舅舅也在看。[doge][doge][doge],<歆星晓筱的>: 回复 @慕歌ting :哈哈哈哈我看完了去下了王者，全程大概是“诶诶诶为什么叫我点这个？我怎么在这？怎么又有人杀人了？这么多塔要打哪个塔啊？”系统提醒新手教程结束开始匹配，算了算了我还是别祸害别人了，退出卸载[允悲]可能一共装了不到十分钟吧,<芒果麻薯味邦迪>: 回复 @甜文少女 : @梁白开suger   你是不是跟我说过这个[doge]当时我还不懂游戏 现在我决定开始看了[并不简单][舔屏] 啊 我爱lol我爱职业联赛,<芒果麻薯味邦迪>: 这个合集可以说是要强马了 真的好看[互粉][喵喵],<慰风生>: 回复 @甜文少女 :Gun神,<J子谦4>: 回复 @甜文少女 :十年霸图，一如既往]
6077588122	盘点那些不看后悔的军旅文小说合集。 ​​​	[<Hey你过的好不好>: 回复 @林夏灿啊 :我也好喜欢阿灿啊,<林夏灿啊>: 回复 @Hey你过的好不好 :哈哈哈好开心，,<Hey你过的好不好>: 回复 @阿诚大帅比 :阿灿的粉丝么,<我活捉一只本尼>: 怎么会没有《战起1938》,<She_bear鸿>: 长官爱人，很好看,<花桉>: @尹初久      快来马住,<善类良人>: 回复 @甜文少女 :真的特别好(ง •̀_•́)ง,<捡到五毛黑>: 回复 @甜文少女 :我觉得文笔太稚嫩了,<覃荔>: 回复 @甜文少女 :傻白甜 不太好看,<爱碎觉的岛西>: 洞房花烛隔壁 看完你们会回来赞我的[微笑],<南夏千瞳>: 回复 @oolphin :嗯嗯,<oolphin>: 回复 @南夏千瞳 :BL?,<辨才待一年>: 回复 @我是许嵩脑残粉 :降服高管老公,<Lzz瓜瓜>: 长官爱人。也挺好看的呀,<愿你此生和我渡>: 《他从火光中走来》  《一座城，在等你》  《繁简》 都好看,<我要当别人家的孩子>: 回复 @甜文少女 :骁爷啊[鼓掌][鼓掌][鼓掌],<Abling-con>: 回复 @x灼灼 :？？？对[二哈][二哈],<喝粥吗w>: 回复 @Ablingcon正品美瞳网 :这就是你卖美瞳的原因？[doge],<喝粥吗w>: 回复 @甜文少女 :第一本！！,<此女懒得像条虫>: 回复 @甜文少女 :看到叶鹏涛看不下去了[怒]真的是好气啊 越看越气,<美少女葛葛>: 回复 @再来一瓶粥 :已经不记得内容了，但是名字让我记忆犹新[污],<oolphin>: 回复 @活蹦乱跳的露小四 :肉真多..看到一半看不下去了,<oolphin>: 回复 @甜文少女 :场副~,<嘚嘚子嘿>: 回复 @甜文少女 :我失恋的时候看这一本 哭得要死 大半夜给我妈发微信[泪],<你眼中的汤圈圈>: 回复 @Temptingly :[二哈],<Temptingly>: 回复 @你眼中的汤圈圈 :emmmmmm……没有,<你眼中的汤圈圈>: 回复 @Temptingly :有资源吗[doge],<你是我的星辰and大海>: 回复 @甜文少女 :比较想看他们两儿子滚滚和秦苏的故事,<木木-LLM>: 回复 @甜文少女 :手动艾特作者[允悲] @君好的微博,<_豆丁拌豆醬_>: 回复 @甜文少女 :希望苏清澈和妹妹在一起的……明明喜欢这么多年了……不开心,<不开心的鼻涕兽>: 回复 @囚爱擒欢兽性总裁别乱来 :求分享,<侨-乔乔乔乔ZJK>: 回复 @嗯哼O-O :懂你～超好看～还有类似的么[笑而不语][笑而不语][笑而不语],<请不要跟哥装神弄鬼滴好不77527>: 回复 @甜文少女 :这本书我看不下去,<骆BomBom>: 回复 @我可以站远 :繁简 男主是个消防员,<luuuu瑶>: Reply @甜文少女 :爱夏明朗爱到无法自拔。就是个妖孽啊。,<23度的酒>: 回复 @甜文少女 :最爱，没有之一，每个人都是那么充实，队长、榛果儿、小侯爷、默默……他们仿佛只要静静的现在哪里，就能让你无法克制的沦陷。 之前看过一句话，最喜欢陈默，不善言辞的抢手，总是在背后默默的支持着队友，然而陈默的八百米无人之境终究是放苗苑走了进去。。。,<嗯哼O-O>: 回复 @甜文少女 :王牌狙击之溺爱狂妻！！名字很小白，但剧情绝对赞！！重生 女强文  这个作者的新文也很好看，也是军旅文,<队长我是你的大盾啊>: 有一本小说男主姓霍是军人也是女主的监护人,第一章就是女主去参加晚宴被人下药然后男主去给女主解药一夜七次[doge] 求大佬们给书名,<陆壹工作室>: 回复 @双子差评 :2496835145,<双子差评>: 回复 @陆壹工作室 :微信是啥？名字？,<陆壹工作室>: 回复 @双子差评 :加微信晚上给你发,<双子差评>: 回复 @陆壹工作室 :能不能发给我阿好想看,<刘芒洽>: 回复 @Calming47 :哈哈哈哈哈七月见[阴险][阴险][阴险],<Calming47>: 回复 @刘芒洽 :[污][污][污][污][污]甜虐甜虐，夸我一句比上天都难,<刘芒洽>: 回复 @Calming47 :哈哈哈哈，每对情侣相处方式不一样，你俩有多甜我可知道[坏笑][坏笑][坏笑],<Calming47>: 回复 @刘芒洽 :突然看到这个哈哈，不敢看看完怕想分手，理想和现实的差距啊[哈哈]看看人家的霸道军官，宠上天，再看看我的，天天埋汰我[哼],<sukkerbaby>: 《我的高官老公》！超好看,<代代最喜欢知恩啦>: 回复 @甜文少女 :有个学长叫宋星辰……实在没法看[笑cry][笑cry][笑cry],<我可以站远>: 回复 @骆BomBom :这是啥书,<勋与鹿->: 回复 @远桔玦 :[笑cry][笑cry]对对对,<巨鲸落万物生whale>: 回复 @你很闲阿- :BG,<远桔玦>: 回复 @勋与鹿- :你说的那本大概叫危险关系。男主卧底，女主在泰国当医生。依稀记得女主名叫邓初雨[笑cry],<马哲女孩>: @不为也是小格子   快来！]
6077588122	一条不入俗流的快穿文小说合集。 ​​​	[<鱼见5776>: 回复 @哈哈哈哈哈是我啦 :OKOK,<哈哈哈哈哈是我啦>: @鱼见5776   关注这个人的 好多小说,<这个姓郑的>: 回复 @甜文少女 :强退啊啊最好看的快穿文,<最美的颜色是天空蓝撒>: 回复 @胖团团碎碎念念 :是啊炒鸡喜欢他,<Alidce>: 快穿之反派有黑化了 [doge],<隶庄9877>: 记得有一本是有一个世界穿成二少爷的女朋友，被骗到一个鬼村嫁给大少爷，然后要找到祭台，然后女主发现好像里面有一位夫人被骗过来，生了个女儿但被杀死了，就用血浇花这样。。找了好久好久好久，跪求看过的宝宝告诉名字[允悲][允悲][允悲],<尹智圣唯饭>: 《人间有味是清欢》可以说是快穿文经典之作了，每一碗汤都很棒，特别是五鬼总共二十五碗汤，一汤比一汤虐[作揖][拜拜][拜拜][拜拜],<尹智圣唯饭>: 回复 @努力生长的小草L :《病娇连萌》《攻略反派boss》《快穿：反派男神不狗带》《直播攻略黑化男神》《黑化大师》《反派皆男神》这几个差不多都是,<资深晴吹>: 回复 @甜文少女 :这个真的很好看,<冻奶茶与热可可>: @Aliuera,<洞洞菌>: 回复 @韩小胖墩儿 :晋江文学城上的哦,<韩小胖墩儿>: 回复 @洞洞菌 :求百度资源,<我有许仙也有粥>: 回复 @可爱死了的不如 :《[综穿]拯救男配计划》 这本也不错，看过好多文，名字不记得了[黑线],<可爱死了的不如>: 回复 @我有许仙也有粥 :有什么推荐不,<我有许仙也有粥>: 回复 @可爱死了的不如 :[哆啦A梦汗]快穿文很有意思的,<可爱死了的不如>: 回复 @我有许仙也有粥 :只想囚禁你[喵喵][喵喵]因为是我第一个快穿所以记得很清。,<我有许仙也有粥>: 回复 @可爱死了的不如 :[doge]超喜欢第一个故事！,<可爱死了的不如>: 回复 @我有许仙也有粥 :是的呢[喵喵],<我有许仙也有粥>: 回复 @可爱死了的不如 :[doge]这本挺好看的,<可爱死了的不如>: 回复 @我有许仙也有粥 :我的第一本快穿,<二十六个人>: 回复 @甜文少女 :快穿之男配攻略,<温婉改名保平安>: 回复 @甜文少女 :这女主的性格……一开始觉得她很酷，后面感觉跟神经病一样,<松烟入墨_>: 回复 @甜文少女 :超级喜欢这个 最好的一个,<隔壁的王啊嘞>: 回复 @甜文少女 :容离和张洪义，这两个人的世界我看了差不多十遍,<洞洞菌>: 回复 @若相惜_1234567 :白天看[doge]还可以降温解暑,<若相惜_1234567>: 回复 @洞洞菌 :这个电影我穿过，看一半不敢看了，虽然真好看，我害怕啊[允悲],<每天带结婚证上班的薄靳言Boss>: 回复 @甜文少女 :看过主角最牛逼的快穿文,<捡到五毛黑>: 回复 @甜文少女 :跟一般的快穿不太一样，但是感觉太仓促了 还只看了第一篇，觉得男主莫名奇妙的喜欢女主然后又莫名其妙的成为了总冠军 太快了,<我是胡汉三儿>: 快穿之祈愿人生攻略,<我是胡汉三儿>: 快穿之反派专业户.甜思思,<少女好胸1>: 回复 @nihaolf :啊啊啊啊终于翻到了,<大好时光儿>: 大爱《初恋逆袭系统》 男神！！！,<大好时光儿>: 推荐 任务完成后，就是攻略成功后不和攻略人物在一起的，渣女,<何风风的老婆>: 攻略病态男主 也好看 不过男主都是同一个人[哈哈],<一只鱼游游呀>: 回复 @大李V8 :→_→图我抱走啦一本一本看,<捡到五毛黑>: 回复 @甜文少女 :喜欢颜步青！！！,<-biubiupia>: 回复 @大李V8 :[二哈][二哈][二哈][二哈],<大李V8>: 回复 @-biubiupia :不纯洁的，我都不在搜狗看，被和谐了[doge]所以我去另一个网站看,<青肆皖>: 回复 @酒酿鸡蛋小圆子 :好棒的(๑•̀ㅂ•́)و✧,<青肆皖>: 回复 @甜文少女 :坑。。一个故事就有一兆了。。,<青肆皖>: 回复 @甜文少女 :这个怎么没人推吖。挺走心的啊，很棒棒，女主超级潇洒(๑•̀ㅂ•́)و✧,<青肆皖>: 回复 @甜文少女 :前面还好。。后面好像有点敷衍,<-biubiupia>: 回复 @大李V8 :求问哪些不纯洁[抱抱][抱抱][抱抱][抱抱],<QUEYANG_>: @无敌的扣肉  [微笑],<Elvira-茵酱>: 回复 @甜文少女 :好看,<胖又->: 回复 @离离原是我 :好看好看都看了好多遍,<请叫我小怡1994>: 回复 @甜文少女 :完全不明白哪里好看，她的文像是按了快进键一样,<请叫我小怡1994>: 回复 @甜文少女 :甜文大脑洞   睡包少女的，她的文都很有意思,<深夜-空调>: 回复 @居里爱宅居 :看哭了,<yloonce>: @戴王冠的小仙女,<西瓜的西23333>: 回复 @甜文少女 :还可以,<西瓜的西23333>: 回复 @甜文少女 :这个好看,<笑灕>: 回复 @甜文少女 :快穿入坑文＋1,<你的公主->: 回复 @甜文少女 :花两天时间看完 贼好看,<思晚yan>: 回复 @甜文少女 :许念阳简直美好的不要不要的[二哈],<熙沫-Guard>: 回复 @甜文少女 :韩绍[心]]
6077588122	整理了那些高质量的医生文小说合集。 ​​​	[<闪闪发光的屎仙>: 回复 @甜文少女 :不是叫 我的不完美先生 吗,<冉年hey>: @wx琳淋   这个,<-EUNJI-九扇姑娘>: 回复 @姽嫱 :这本超好看的！书还在我柜子里放着！！太他妈的虐了！！当年看哭了好几次！！,<会飞的小钰儿>: 回复 @甜文少女 :这个超级喜欢， 世界微尘里，吾宁爱与憎,<甜甜甜牙齿>: 回复 @专心一意与你温存 :嫁给乔医生,<单手撕脸盆>: 回复 @她在呀 :好呀,<她在呀>: 回复 @单手撕脸盆 :不虐  很温馨,<梅有有没有>: 回复 @汉堡神偷耶 :真是 虐的体无完肤,<李玟雨向日葵>: 回复 @阿桥姑娘 :是！！！超甜 吐血推荐[泪][泪],<Eden-CY>: 回复 @甜文少女 :大爱，让一让,<韩愈的师说啊>: 为什么没有《我等你，送我刹那芳华》…… 你注定是我的师说，历史可鉴。——韩愈,<我是大大大大大萌丹>: 回复 @比较辣几的程序猿 :小辣鸡哈哈哈哈哈哈哈哈,<比较辣几的程序猿>: 回复 @我是大大大大大萌丹 :哎，居然看过这么多小说,<阿桥姑娘>: 回复 @甜文少女 :这个是he吗,<阿桥姑娘>: 回复 @甜文少女 :这个网盘真找不到，求资源,<吴怡然TAFA>: 回复 @甜文少女 :谁有网盘资源～求[心],<我是大大大大大萌丹>: 回复 @甜文少女 : @Jesse丶Z666   这个也看过好几遍，短一点,<vvvvvangie>: 回复 @甜文少女 :求类似文 反反复复看好几遍了都,<oolphin>: 回复 @甜文少女 :好看!,<undoyif>: 回复 @专心一意与你温存 :应该是写给医生的报告,<这里是粥铺>: 回复 @甜文少女 :就因为女主我学了酒店管理…………,<爱吃面条的小牛>: 回复 @甜文少女 :我觉得男主才是文中最悲催的人，女主呵呵,<扎心了江海涛>: 回复 @甜文少女 :这个男主是不是被女主抓了小jj的那个[doge][doge][doge][doge],<走好了您哎>: 回复 @专心一意与你温存 :嫁给乔医生,<-一颗毛豆->: 回复 @骆哈哈哈 :那你就不觉得呗…………,<潘佩酸>: 昏嫁 最好看的医生文 没有之一,<汉堡神偷耶>: 回复 @梅有有没有 :是吧！！！真的好虐[泪][泪],<骆哈哈哈>: 回复 @-一颗毛豆- :没觉得好看[摊手],<梅有有没有>: 回复 @汉堡大神偷 :我最近才迷上古言 就昨天 我点开了东宫 手贱啊[伤心],<Doct-G>: 看小说可以，千万别脑热去学医,<谁家的乖宝宝a>: 回复 @AkaBlue_Canaan :努力自己成医生？！,<花卷毛_>: 回复 @专心一意与你温存 :嫁给乔医生,<大风萧萧的草莽之爱>: 回复 @进口可爱yo :百度里输吧,<婧熏>: 回复 @甜文少女 :就是在高考完看的，然后果断学了中医,<萌萌的毛毛大总裁>: 回复 @一杯酸奶的酒量 :就是啊，我这么好就嫁自己好了[笑cry][笑cry],<喜欢吃木瓜的木瓜>: 回复 @甜文少女 :这是he 还是 be 记忆里匪我思存的书好像都是be,<子非明>: 何苏叶（中医），顾平生（前医生后教师），顾宗琪（普外主治），艾景初（牙医），夜景澜（神医。。）,<子非明>: 回复 @甜文少女 :推！,<子非明>: 回复 @甜文少女 :强推！,<子非明>: 回复 @甜文少女 :推！,<婧枫雅致>: 希波克拉底的誓言,<举头三尺有小女子789>: 回复 @专心一意与你温存 :嫁给乔医生,<养而万种>: 回复 @翻滚吧翻翻翻 :🙊🙊🙊有书要看吗,<干了这一碗毒鸡汤->: 回复 @专心一意与你温存 :嫁给乔医生,<你眼中的汤圈圈>: 回复 @专心一意与你温存 :嫁给乔医生吗,<Luna不说话>: 回复 @专心一意与你温存 :嫁给乔医生,<出逃的鲜榨橙汁>: 徐徐诱之啊啊啊啊啊啊北倾大大   真的真的贼好看不吹不黑，唯一与之媲美的只有微微一笑，真的真的贼几把好看男主徐润清，女主念想，都是牙医,<苏1茗>: 回复 @甜文少女 :超喜欢北倾的文呢。,<芮诗黄>: @JANGZHIYUANA,<wojialaoxue>: 回复 @今天背单词了碼 :然后你苦逼了吗,<糖里带渣>: 回复 @荣荣卜D :Ok,<胡了的萝卜>: 我心中最好的温柔医生男朋友是江辰，曾有一度我希望自己能遇到属于我的江辰。,<Surprise_颖>: 回复 @Startsoft :是的是的！我刚看完！！超喜欢,<殇语繁华>: 回复 @甜文少女 :有链接吗？,<-昧尽微凉>: 想起来原来看过一本小说叫《冤家衣解布一截》挺搞笑的，男主叫甄朗女主叫贾勺，当时看的时候笑的不能自已]
6077588122	盘点了那些又甜又虐的青梅竹马小说合集。 ​​​	[<Giselle_-lu>: 回复 @甜文少女 :額看不下去,<sunshine半醒>: 回复 @湖与森林 :同[允悲],<圈圈圆圆Mua>: 忘记呼吸的猫的青梅竹马文都超好看啊！！！,<cylinviw_>: 回复 @甜文少女 :这部的男主超级心水,<四叶kiki>: 回复 @甜文少女 :喜欢上他的可能，一定是零，就像我闺蜜说的，一点新鲜感都没有。[笑cry],<花腔婉转咏>: 回复 @甜文少女 :这个特别好看!,<chincbin>: 回复 @甜文少女 :好看看了好多遍,<刘FD>: 回复 @甜文少女 :小学的时候看的。。。玛丽苏啊,<Waoonoo>: @NineCone,<那个女生叫许希微>: 草莓年华 很少人看过但真的很好看,<见7哈哈哈哈>: 回复 @甜文少女 :全程泪目,<皓月199402>: 回复 @一二三四一二三四像 :对对，我也有实体书,<你梨可爱>: 回复 @甜文少女 : @萝莉赵大可,<hengheng_y>: 回复 @甜文少女 :这个超级好看！高中上课偷偷看哈哈,<彤彤彤彤zt>: 回复 @甜文少女 :看了超级多次都看不腻，超级喜欢,<李杨木子易>: 回复 @甜文少女 :好看！！！[爱你],<VinnieMOMODA>: 回复 @甜文少女 :好看到不行，江圣卓简直是我心里最完美的理想型!,<墨月聆>: 回复 @甜文少女 :看了好几遍，超甜,<Hking知了>: @过了很久xy_jk_yyz_举个栗子,<官方娱乐白痴>: 回复 @甜文少女 :很好看[可爱][可爱],<ansuannai>: 回复 @甜文少女 :这个真的很喜欢了！！！！！[心][心],<利比猪>: 回复 @甜文少女 :初中看的，超好看，看了不下十遍,<ZJSCYWXL>: @喜欢葫芦的947儿,<慧慧慧慧慧小仙女>: 回复 @甜文少女 :这个超好看！这两天正在追,<一只有爱吃肉的小柴犬>: 祝锦官  程子言[笑哈哈],<橙果烩天歌i>: 回复 @看起来敲级好吃 :很有韵味[爱你][爱你][爱你]，超甜的,<杨承熹有1米9>: 回复 @甜文少女 :我的二爷啊！,<时光的弦歌>: 回复 @甜文少女 :看的时候又哭又笑的，……（像个疯子一样[笑cry]）,<咯路没落>: 《曾少年》，超好看，也是从小一起长大的，大幂幂演的，期待,<涂腿儿tutu>: @Peppermint-艺Bo,<机智的聪聪欧尼酱>: 回复 @甜文少女 :[心][心],<机智的聪聪欧尼酱>: 回复 @甜文少女 :超好看！,<唔唔阿阿>: 回复 @甜文少女 :超好看,<Kristin__Z>: 有人看过曾少年吗,<波哩波哩_BONG>: 回复 @甜文少女 :这本真好看,<___Syrup_>: 回复 @甜文少女 :嗷嗷这个真的强推啊！描写特别细腻！,<亲一口小烈gg>: 佳期莫相忘  女主叫许时光   超虐,<人家这么可爱当然是女孩子->: @尹正的小宝贝     快快快码,<美浣熊曰_>: 我们 辛夷坞的超好看,<温和丛容>: 回复 @阿初啊阿初啊 :这个喜欢到哭泣，超好看！！！！！甜到炸，作者很有文采,<温和丛容>: 回复 @妍Unna :这个喜欢死了，超爱宁三儿！！！,<橙昔温柔年>: 木子喵喵的《竹马钢琴师》,<_思君如明烛>: 回复 @甜文少女 :太甜了！！！,<樊拾柒>: 《曾少年》九夜茴,<安琪拉屎了>: 回复 @甜文少女 : @WS__F,<吃瓜小木>: 回复 @皇桑来了 :致我们单纯的小美好 哈哈哈超好看,<知元之>: 回复 @可可芭蕾kkk :小仙女！,<皇桑来了>: 回复 @吃瓜小木 :这是哪本阿[失望],<111哦_77868>: 回复 @甜文少女 :昨天到今天一直在看，上课的时候用了一包纸，真心好看，不一样的文章，让我觉得有这样一个真实的故事存在。,<喜欢琳儿a->: 回复 @甜文少女 :这个一系列都特别好看！！尤其是这本！！买了这一系列的实体书！！,<从未被在意的小mio>: 回复 @甜文少女 :网络到处没找到完结版，初中看的真的是慕流年真的超喜欢，但是女主性格我不是很……,<二云子KAylana>: 青梅竹马：我爱你，与你无关 老好看了，虐死人了，,<艽桾>: 回复 @给你寄笑颜 :同[眼泪],<刹那清欢wpp>: 回复 @甜文少女 :很喜欢男主 最喜欢的男主之一,<优秀的小杨>: 回复 @甜文少女 :喜欢，看了好多遍，强推强推,<o可爱的轩轩o>: 回复 @甜文少女 :看了N遍，喜欢的不得了太甜了[爱你],<TEKY->: 居然没有《冤家衣解布一截》？！？！？！这本算是我青梅竹马里的前三了好吗！]
6077588122	你们都是多大开始看小说的呀(´-ω-`) ​​​	[<慧Kucing>: 小学五年级     泡沫之夏得有没有,<耂虎的那个王>: 回复 @ZHU梦娇 :这本是我初中看的,<顾长倾->: 刚过14岁生日后有次不知道借了谁的书，麻蛋，肉文啊，超级超级肉的那种[微笑]害我的一天藏藏掖掖的生怕别人发现了。每天躲在床里偷偷看，从此……我就变成了一个色色的妹子，真是往事不堪回首[微笑],<顾长倾->: ……12吧，买了本书，全班都借去看[doge],<秤妖夭>: 小学六年级。入坑作：龙日一，你死定了。,<段宜恩恩恩恩恩恩恩>: 回复 @早知道桑心总是难免的- :对滴，可爱淘写的,<陈钰钰钰瑶儿>: 四年级启蒙小说是……九岁小妖后……,<可攻可受可硬可软可傲娇de妖孽>: 回复 @早知道桑心总是难免的- :[握手][握手],<早知道桑心总是难免的->: 大家都是入坑这么早真好！,<早知道桑心总是难免的->: 回复 @是znc啊 :对对对！！！,<早知道桑心总是难免的->: 回复 @段宜恩恩恩恩恩恩恩 :狼的诱惑 我没记错的话是韩国的吧？超级虐的？！！,<早知道桑心总是难免的->: 回复 @原来共你是场梦zzZ :一年三班真的超好看的！！！,<早知道桑心总是难免的->: 回复 @我不高兴我就要说哼哼哼i :这本书真的很经典！！！现在也忘不了！！,<早知道桑心总是难免的->: 回复 @逐年月西东 :是我[泪],<早知道桑心总是难免的->: 回复 @可攻可受可硬可软可傲娇de妖孽 :全都！,<gapsong皮>: 初一开始 天使 紫色 爱格 无量 魅丽文化 风声 。。。。。。每天上课都是这样过来的,<鹿已成说故>: 额，初一，偶然翻到了同学的一本《锦绣未央》，然后就……直到现在，看了三遍,<Mangorn_>: 回复 @ZHU梦娇 :入坑言情[喵喵],<喝粥吗w>: 回复 @一个普通的美女 :好的小学四年级,<Missyouuuuuuuuuu>: 回复 @炸裂的阿宋 :怀念，不知道现在还有吗？,<安呀安嗨>: 小学看狗血总裁文上路 初一看我爸给我下的《总裁的替身前妻》从此在这条路上越走越远,<-陳楚倩>: 小学 刚开始不喜欢看小说 感觉好多字好烦 但在一次发神经的时候看了第一本小说 叫啥名字忘了 隐约记得男二喜欢女主 后来死掉了 死前让女主走楼梯数520步什么鬼的 还有一个片段是不记得男主还是男二在饭堂把被欺负后满脸米饭的女主脸上的饭全吃了的狗血校园剧 那时候看这小说还躲在被子里用电筒照着看呢,<叮噹啦啦啦啦啦>: 初一，麻雀要革命開始的⋯⋯,<jasmine然然>: 小学五年级晨光出了一套文具 泡沫之夏,<畅游异境>: 回复 @一个普通的美女 :独木舟[好]🏻,<-Yu是下雨的雨>: 4年级，一有手机就开始看了[眼泪],<在看我也不是你的>: 六年级，魔女七元素，还有那时候很火的，杨杨的傻丫头与校草同居,<菜菜菜菜--菜>: 回复 @蜡笔小新不要小丸子 :一模一样……我也是六年级看了会有天使替我爱你,<顶级rapper>: 小学三年级 第一本是安知晓的总裁的替身前妻 立马入坑从此无法自拔,<妹尼酱>: 小学六年级，第一本：跨过千年来爱你(⁄ ⁄•⁄ω⁄•⁄ ⁄),<洲潇是宙筱>: 回复 @炸裂的阿宋 :梦刻板当时还收藏[doge]后来都找不到了,<-WooJRooO->: 六年级，第一次看的言情小说男主是个日本人，叫什么千叶,<吴winnie彤>: 回复 @囚爱擒欢兽性总裁别乱来 :就冲这句话，你这朋友我交了,<吴winnie彤>: 回复 @依依佐鸣 :我也是高一开始疯狂看哒，现在高考完，还在看,<吴winnie彤>: 回复 @a木鱼1 :我从高一开始看小说，爱格看了很长一段时间，后来因为泪点太低，放弃了,<吴winnie彤>: 回复 @Kakarida :好像叫飞魔幻,<smiling_扇扇>: [二哈]emmm启蒙言情忘记了，10岁看的泡沫之夏。当时班里的人看的都是马小跳,<一颗滑溜溜的温泉蛋>: 小学五年级，第一本看的天使街23号，苏佑慧跟李哲羽在一起了真是气的想打人[摊手],<晣眇>: 回复 @一个普通的美女 :爱格,<南嶶玙>: 特别想念初中看小说的日子，那时候最爱幻想了，而且我们都是很朋友换书来看了，同桌间，或者同班间，或者隔壁班间，每次一换一本新的书就超级开心，又有一本新的小说可以看了，并且交了好多书友，并且我们有一个共同的小本本，就是看了小说后会很喜欢把内心想法写在那小本本上，那时候多开心[傻笑],<南嶶玙>: 回复 @蜡笔小新不要小丸子 :我也是，不过第一本是可爱淘,<打倒佩妮娜>: 可爱女生，男生女生，花火，魅丽优品系列小说，天使.com，爱格……评论区的言情杂志感觉自己都碰了[笑cry][二哈][允悲]三年级还是四年级开始看的…,<无衣也好与子同袍>: 初二吧，小学六年级第一本，后来初二才开始大规模的看，今天我都大二了要,<其实哦和否是情侣名>: 五年级，第一本小说  总裁的替身前妻[允悲][允悲],<HOBO我>: 六年级……一本校园狗血爱情小说 忘记叫什么了,<焚桃花>: 回复 @朱雨芹啊 :五年级看的 [doge][doge] 看完觉得自己走路带风,<vickY66666>: 六年级 同桌传了一本玄幻小说 一男多女双休的 从此走上了一条不归路,<狸水查的倒掉>: 五年级 肥后要出轨,<爱灿灿的团子>: 小学五六年级吧，那个时候小妮子还很火,<秋秋秋秋秋刀鱼罒o罒>: 初一，第一本看的啥乱七八糟的，一个女主角有魔力，然后和两个男的在一起了我也是不懂[允悲]第二本看的啥好像叫霸道插班生转角遇到爱，，]
6077588122	绝对高质量的民国文小说合集。 ​​​	[<二束余>: 回复 @郭轸的飞行夹克 :机智的我先去查查属性哈哈哈哈,<khs_tb>: 回复 @甜文少女 :女主是有点作，但如果因为女主而弃文太可惜了，作者文笔了得，剧情也很好，最爱的民国文,<安歌6039915445>: 回复 @甜文少女 :哦哦，谢谢,<xiaotaobabyka>: 回复 @安歌6039915445 :缘何不能忘记你！,<安歌6039915445>: 回复 @xiaotaobabyka :我也想看,<安歌6039915445>: 回复 @xiaotaobabyka :找到了吗,<鸠媚括弧躺_KHR>: 回复 @呆呆小饼 :作者超级良心！现在还在更！,<伍号和陆号>: 回复 @呆呆小饼 :怎么说呢，小说是为自己的野心和江山，电视剧更多是因为保护百姓吧,<呆呆小饼>: 回复 @鸠媚括弧躺_KHR :好期待大结局！！！,<呆呆小饼>: 回复 @伍号和陆号 :其实感觉电视剧也没怎么洗白 毕竟还是和女二结婚了[微笑],<青舞璇台>: 回复 @人间四月天n :芊泽花好好看，至今最喜欢的一本小说。,<青舞璇台>: 回复 @甜文少女 :终于看到博主推酒壑圣人的小说了，还有一本芊泽花，超级好看,<xiaotaobabyka>: 回复 @甜文少女 :求，男主是军阀之子，女主爸爸犯事求他，好像有了关系。过了几年，女主在国民党机构做事，又遇上男主，被男主胁迫在一起。忘了叫什么名字了，也很有名的。一个场景女主第二天要考试，男主强她，把衣服扣子都弄掉了，女主抖着手缝。男主别人叫他三少还是四少。,<Smmanix>: 回复 @荡儿Thui9 :看了，文笔不错，不过没虐到我,<Smmanix>: 回复 @甜文少女 :看了一点感觉都没有,<清故g>: 回复 @甜文少女 :拍成电视剧了 孙怡和韩东君,<Eric滴麻麻>: 回复 @_lys14 :流光之城,<元氣Bb蛋>: 回复 @甜文少女 :超级好看！！！民国文第一没有之一！！陆城啊！！,<可爱值满满>: 《三爷》[舔屏][舔屏][舔屏],<我爱邓超孙俪>: 回复 @甜文少女 :这个真的很好看,<郭轸的飞行夹克>: 评论里边能不能注明下bl和bg，， [允悲][允悲]下载了才知道是bl好悲伤的有木有,<南方姑娘aw>: 回复 @李心心心_ :它好像不能出书 貌似有涉及到一些党政问题,<南方姑娘aw>: 回复 @EmmaXbgg :一样 自动跳过悲的片段,<南方姑娘aw>: 回复 @甜文少女 :最爱的民国小说，没有之一[心],<星海摸不着>: 回复 @甜文少女 :这个看了超想哭的,<君子敬殊>: 回复 @甜文少女 :难看，弃了。,<Zhuan_Bao>: 民国一般都虐炸而且好多bd,<灰熊Bearrr93_>: 回复 @甜文少女 :文笔...没看下去,<这里孟夕颜>: 回复 @23333lAbDg :说实话我并不是很喜欢这个男主 蛮喜欢那个男2的[二哈],<咕lu噜lu>: 回复 @这里孟夕颜 :短篇百度搜一下就有了，情节基本一样，但是男女主没在一起，可能是因为我先看短篇，有点先入为主吧,<如你般明媚啊>: 回复 @甜文少女 :萧北辰萧北辰 世上独此一人 还有玉簟秋 芙蓉锦 上学的时候被虐的死去活来,<萧何的猫>: 军统的女人    超好看,<Leslie-QZ>: 回复 @甜文少女 :很想看。  但看到是be不敢看,<属于我自己的荒木经惟>: 回复 @甜文少女 :看过的民国小说里真的最好看的！！！,<西属腹地>: @易光易燃易爆炸,<这里孟夕颜>: 回复 @23333lAbDg :我没看过这个的短篇 觉得长篇也还可以 [允悲],<咕lu噜lu>: 回复 @这里孟夕颜 :我觉得这个短篇的更好看，虽然短篇结局不好，但是可能遗憾产生美？？？,<陈丹旎>: 回复 @甜文少女 :看了一半了陶骧和静漪都没怎么表达出爱对方的意思 有人剧透剧透他们什么时候互相表露心迹的呀,<伍号和陆号>: 回复 @甜文少女 :原著小说男主渣的无话说，电视剧洗白了…… 不过真的吼吼看啊！匪大的文质量保障,<伍号和陆号>: 回复 @甜文少女 :这本！我心头的朱砂痣！[伤心],<只做大王的花痴脑残粉>: 回复 @甜文少女 :爱笑的女孩运气都不会太差。遇见你是我在这个坏年月里最幸运的事。,<我说嘿呀你说>: 没人说温香阮玉？[并不简单],<陈小小丫>: 解救剧荒[doge]说得好像我很有时间看似的[二哈],<请叫我洋聪头>: 回到三十年前   蓬莱岛    文笔特别好  女主不白  有思想     男主帅气忠犬,<腿长人美还不污>: 温香阮玉也是强推,<前项>: 回复 @甜文少女 :这个太惨了，兰坡,<吾心亦不凡>: 回复 @甜文少女 :喜欢小说，我的慕容沣[泪],<-清涟-->: 回复 @甜文少女 :感觉 情节线很碎 没有想一直看下去的欲望,<晨小张的张>: 回复 @Arrhythmia__ :对呀对呀，超级好看的怎么没人推,<会放屁的皮卡丘>: 最近看了宛香超好看啊[污],<CRRYongyong>: @本文表达了作者,<一只山羊_>: 绿旗袍！！超好看！！！]
6077588122	嘿小可爱们~你们翻一翻我之前发过的合集，说说看除了我发过的这些还有什么类型是你们想看的吧。 ​​​	[<爱拉xi>: 回复 @亦或晓凡 :尤四姐的文,<蕉banana_>: 病娇痴汉偏执型人格[ok],<吃土的007>: 突然想看那种女主角从穷途丑变成白富美的苏爽文 类似这苏爽的网红人生 炒鸡炒鸡厉害的那种文,<wangwang瑶>: 求女主全息网游!!! @甜文少女,<爱笑的李阿萌>: 种田文好不好哇[doge][喵喵],<纯熙sweetheart526>: 肉文啊，肉文啊，上次来迟了，被封了，然后就感觉自己错过了全世界，特别喜欢那种文艺肉文，不仅有剧情，还有肉啊！！[污][污][污][污][污][污],<夏渝浠>: 回复 @横片片快胖回来 :抱紧组织！二与一为三真是开启乱伦的大门[污][污],<蒜话儿>: 黑道文 男强女强的[笑cry]最近突然好起这口,<就还可以没有错>: 求男主温文尔雅的古言，文笔类似良陈美锦,<灞桥岸柳依然>: 师徒文，或者男主是魔教教主的,<蚊青少女>: 回复 @一个卖花的 :好人ㄧ生平安,<Dopamine_1007>: 回复 @一个卖花的 :[害羞][害羞],<花未红笺未央>: 回复 @生亦何笑 : @別逼老子動手   @吃茶游景赏美人的魔教少女   @盐七宝   @中二病ZYX   @Dopamine_1007,<阿T帅的不要不要的>: 回复 @生亦何笑 :滴滴滴，彪起来嘻嘻,<槿家西柚>: 想要猎奇文或者男主喜欢撒娇的！【足控手控之类的，推荐《三梳》和《神仙肉》】,<vuet>: 架空的 女扮男装的,<时间风干_>: 回复 @生亦何笑 :学生卡 谢楼主！！,<喂是我家孔若愚>: 回复 @我觉得这个名字绝对没人取 :gl+1！哈哈~,<深海里的敏星星>: 某主角不是人类型[二哈]男主或女主是什么美人鱼之类的[喵喵],<-老王啊->: 禁欲系[馋嘴][馋嘴][馋嘴],<一星期没洗袜子了>: 想看男强女强文，这个强不是指武功高强，男女主可以手无缚鸡之力，但一定要聪明，比如凤轻的文,<妖妖泠w>: 想看百合文了[二哈],<草莓芝士慕斯_>: 甜宠文！校园的辣种,<提拉米苏是苦的>: 律师文[求关注],<云深不显情浅不知>: 想看男主是王爷（皇上），女主是护卫的那种，不要女扮男装，就是女护卫……,<鮮奶波波>: 回复 @生亦何笑 :感谢！,<吾吾陌M>: 女尊小说一对一的[太开心][太开心][太开心],<晚风献于你>: 想看古言还有江湖文，感觉推得有点少呀～,<来吃碗屎吧>: 想看星际文[爱你],<Daria_>: 回复 @生亦何笑 : @大沁啦丶,<好仁儿er>: 女主隐忍的那种！！,<没有船的小船长>: 回复 @生亦何笑 :感谢[作揖],<成与说>: 可能很多人不喜欢同人文。。。可是我是真看的上瘾[doge],<侵犯韩重言>: 过程怎么虐都成 结局要HE的BL小说[太开心],<赵磊磊同学的王木木>: 一女多男的文口味重啊,<是蒋jojo啦>: 想看有宝宝的合集！男女主分开时候已经怀孕了几年后重逢宝宝已经长大了,<emily_w__>: 回复 @生亦何笑 :滴滴滴[嘿哈],<风流倜傥的紫葡萄>: 好看的bl小说[羞嗒嗒],<小青只想一个人待着>: 回复 @生亦何笑 :嘿嘿嘿嘿嘿嘿嘿,<环环来矣>: 回复 @甜文少女 :末世文啊,<知否scum>: 黄暴痞啊啊啊黄暴痞!,<ttttta_>: @空白啊空白啊   @毕之Bizhi,<CHEN捷->: 回复 @甜文少女 :苗疆蛊事那种系列的[泪],<lemonstar-->: 回复 @小草莓衬衫 :好人一生平安,<V-Reed>: 回复 @-kekekeee :哔哩哔哩,<Huhu-sams>: 回复 @绳君嘻嘻 :墨宝非宝所有。。。都很甜，文笔特好,<CYY_LIGHT>: 那哈。。女尊///(つд⊂)羞耻[羞嗒嗒][羞嗒嗒],<想睡碎牙的奇尔>: 跪求类似爷太重口这样的文[哆啦A梦花心],<hhhaa->: 有没有打火机与公主裙之类的,<鹿竭>: 求高干文啊！！！！！！！]
6077588122	盘点那些里程碑式的古风小说合集。 ​​​	[<Lsy_鱼宇>: 回复 @甜文少女 :圣香啊~我心中的白月光,<若有人兮山之阿2333>: 回复 @甜文少女 :dd,<Chester504>: 回复 @甜文少女 :好看,<眠酒酒>: 回复 @Peekaboo-Li :he,<薰盈珹>: 回复 @甜文少女 : @SuperCHRN,<凤珏JY>: 有没有人看过一本纯古言的小说，名字我忘了，只记得女主姓楚男主姓凤女主的父亲是将军,<耿悦儿better悦>: 回复 @是夜南烛 :华胥引特别好看 超级好看！,<kiminohatonnirebuluxin>: 回复 @甜文少女 :太长了，建议大家有空的时候一口气看完，不要抽空看一点，这样很容易因为太长而中途弃掉,<kiminohatonnirebuluxin>: 回复 @甜文少女 :昨天开始看的，今天看完了，好看！就是感觉结尾写的有点草,<小圆wy>: 步步惊心 华胥引 三生三世枕上书 十一处特工皇妃 东宫 花千骨,<钵衣归>: 回复 @甜文少女 :这本书真的是我看小说多年以来看过最混乱的，没有之一[拜拜][拜拜][拜拜],<呆呆_design>: 回复 @明月邀双影 :因为命运,<羁谋>: 回复 @甜文少女 :她的书好像都不错,<司小僧s>: 回复 @孙笨也有人抢 :你书龄应该比我长，《天使街23号》这个我看过没，后面说的四个看过其三，算是很不错很红很正的文，文笔好文风大气人物强大，可能是我比较喜欢设定有点怪有点歪有点新意那种文，看着新鲜，正好看得最早的穿越文就是《绾青丝》《凤囚凰》这些，所以印象很深。,<孙笨也有人抢>: 回复 @司小僧s :我以前也看过好多穿越小说，看言情是从天使街23号那个时代开始的。当初看凤囚凰的时候没多大感觉，我只记得我不是很喜欢女主。我喜欢看扶摇皇后，且试天下，凤影空来，兰茵璧月…………,<司小僧s>: 回复 @孙笨也有人抢 :放在现在，各家小说百花齐放确实一般了，但早先时候的穿越言情，呦呦呦，好刺激呦，好好看哦,<殷大和我再婚吧>: 回复 @甜文少女 :还是最爱楚殇了[心],<洋气雯>: 回复 @猫姐姐啊 :不是一本,<干净关系1>: 回复 @眉目动人 :我也喜欢哈哈,<赞刚>: 回复 @甜文少女 :噼里啪啦爆炸无敌毁天灭地得好看啊啊啊啊 完全停不下来 中心藏之 何日忘之 炸裂推荐,<猫姐姐啊>: 回复 @洋气雯 :这书不是叫凤求凰？我在网上看的，是这个书名啊[疑问],<非均暗>: @Bluelueueesa,<大脸猫爱吃鱼zc>: 回复 @Ringingl_ :我也是，看了好几个都推了，特地看了一眼！实在看不下去了…,<献给Rosaline的玫瑰>: 回复 @古月神经 :我也！！最后看结局看了好多遍,<古月神经>: 回复 @献给Rosaline的玫瑰 :我也是，刚开始以为结局女主死了，我也哭死了,<西唯南顾>: 回复 @JUNXIAN君 :古风里写的最好的目前没有之一,<曹解忧->: 回复 @甜文少女 :感觉挺好看的啊还有诗句也很妙。不能欣慰电视剧不好就否定小说吧。我是先接触漫画再去看小说的，真的人物层层都有联系，强烈推荐！,<你越慢->: @Lesvoslie,<阿木啊的非凡人生>: 回复 @xiwawong :植，三百年，嫁乔荷。,<阿木啊的非凡人生>: 昭奚旧草啊[爱你],<长发及腰hw>: 三生三世连理枝也超级好看呀，十五，,<Ayue咦耶>: 回复 @甜文少女 :初中看的…当时都受不了女主 记得当时作者把一个我很爱的男主写死之后就一直跳跳跳到结局然后弃坑了,<知否梦里花落>: 痞女囧天下，啊啊啊啊啊啊啊啊，为什么没人说，超级好看,<-蒼楠->: 回复 @ccallmegray :大概是我们都少看了一截吧……,<ccallmegray>: 回复 @-蒼楠- :但是很多人看了之后都说特别虐啊。。我都怀疑是不是我不正常还是我看的比别人少一截[doge],<-蒼楠->: 回复 @ccallmegray :我是一点都没找到泪点。。Get不到哪里虐。。我当时在想我跟大家看的是同一本嘛[笑cry],<瘦到105斤就好>: 回复 @JUNXIAN君 :超好看！！找到组织了！！,<ccallmegray>: 回复 @-蒼楠- :虽然过了挺久的了但还是想回你一下[doge]我刚看完只有女主死掉那里哭了 其他地方我就觉得有点难过。。我朋友说是我没心没肺[拜拜],<仙女宸宸>: 回复 @甜文少女 :这个简直不要太好看！超级喜欢男主啊，女主一点都不作不做，超级喜欢,<厮吻>: 回复 @甜文少女 :喜欢看,<厮吻>: 回复 @甜文少女 :啊啊啊啊啊啊容止,<-念与忘>: 回复 @你看你看o3o :请问你们都用的哪个看书的app？我搜了好多搜不到一寸相思[可怜]求告知,<仙女味的淑女珏>: 《宦妃天下》！！！我的千岁爷啊！,<大明湖畔卖烧饼的晴格格>: 回复 @-戚凄- :谢谢噢,<-戚凄->: 回复 @大明湖畔卖烧饼的晴格格 :挺好的[喵喵],<-戚凄->: 回复 @甜文少女 :情节一般，贵在风骨。,<长发及腰hw>: 三生三世连理枝也超级好看呀，十五，,<熊猫要下水>: 回复 @furlow :[抱抱][抱抱][抱抱],<夏渝浠>: 回复 @JUNXIAN君 :终于找到上古！！,<夏渝浠>: 回复 @甜文少女 :小说真的是好看，不过没看电视剧，不知道咋样,<夏渝浠>: 回复 @甜文少女 :最爱的虐心古言！没有之一！[悲伤][悲伤],<夏渝浠>: 回复 @熊猫要下水 :握爪！我也是一到书荒就重新翻一遍，听到电视剧开机的消息真是气的不行[悲伤],<陈泽琨1114>: 独步天下，再生缘我的温柔暴君,<画心师网剧>: 江山谋虐心虐肺的]
6077588122	一条炒鸡好看的师生文小说合集。 ​​​	[<程迦--->: 回复 @倩女刘润润 :十万分赞同，真的好看,<张TARO>: 回复 @半夏LsLL :嗯,<间歇性痴汉>: 回复 @半夏LsLL :感动哭的，中间有点虐，但是结局he，男二也超级好,<半夏LsLL>: 回复 @张TARO :虐嘛？,<半夏LsLL>: 回复 @间歇性痴汉 :这本虐哭吗还是感动哭？？？,<半夏LsLL>: 回复 @静待花开的小叮 :啊啊啊这本甜死啦男主的日记超可爱！,<Choi-Choo>: @春日酱  [笑而不语],<Selkieselkii>: 回复 @小小小小小阿远 :谢谢小天使的分享[愛你],<庄达菲的大长腿>: 回复 @甜文少女 :哇哇哇！！！！！,<安生猫a>: 回复 @曾大人的梦 :可以把资源发给我么？ 谢谢[鼓掌],<安生猫a>: 回复 @甜文少女 :有资源么？,<安生猫a>: 回复 @Fubingbing- :求百度云资源  谢谢[鼓掌],<有牛奶香气>: 回复 @甜文少女 :看完就像失恋一样,<你梨可爱>: 回复 @甜文少女 : @萝莉赵大可,<just一个追星用的小号>: 回复 @眷川 :没有呢,<眷川>: 回复 @just一个追星用的小号 :求百度云资源！谢谢,<悠着点小心把你吊起来打>: 师生恋 @舞法天女biubiu    @中单扛把子_,<莞椛顠香>: 回复 @甜文少女 :今天刚看完，超喜欢！最喜欢的师生文啦！,<莞椛顠香>: 回复 @甜文少女 :好看！啊啊啊啊苏,<莞椛顠香>: 回复 @甜文少女 :喜欢喜欢喜欢前天看的,<愿你此生和我渡>: 回复 @甜文少女 :很爱慕承和 看到慕承和因为父亲的死 抽大麻 真的有流泪 还有女主的父亲和爷爷,<我的剑刃只为你效劳>: @银宝这个id是我的,<你好阿藤井树>: 回复 @甜文少女 :谈书墨！！！,<陈粒的黄色文胸_>: 回复 @fuxicho :超好看！,<自称仙女的女汉子>: @chen陳蒙蒙,<FiBoBBy>: 《我家教授叫秦守》巨好看的一本书 总裁文+师生,<比宝石还闪亮的BBBBBBRQ>: 回复 @甜文少女 :好看好看超好看,<何来风y>: ε٩(๑> ₃ <)۶ з最爱,<L爱很简单E>: 回复 @橘子汽水的糖果 :推！！！,<闫机智get>: 回复 @甜文少女 :感觉这个文很搞笑,<Seraphim未笙>: 回复 @甜文少女 :怒赞啊,<松鼠桂鱼y>: 回复 @栗扒快 :我不看言情啊,<浮影清秋>: 为什么没有落雪满南山啊啊啊啊啊啊陈教授多棒啊！,<知元之>: 回复 @甜文少女 :刚看完所以来找其他师生文 甜死了甜死了甜死了！！！！！,<小予象>: 回复 @沉圆媛 :哈哈哈哈 来来回回捡起无数次 可依旧看不下去 醉了[摊手][摊手],<徐言洛>: 回复 @甜文少女 :这个真的很好看啊，我都重温几遍了,<沉圆媛>: 回复 @小予象 :评论里的一股清流[眼泪],<山奈儿茶>: 回复 @森繪栗子 :哈哈哈哈哈哈哈哈哈哈哈,<提哦皮撒浪嘿>: 回复 @番茄我要最大的 :求私发,<你和万物都苏醒了吧>: 回复 @甜文少女 :BE？！抖了抖算了[笑cry],<kocyu>: 回复 @甜文少女 :超爱超爱超爱我的慕老师[心][心],<三白眼美少女>: 回复 @甜文少女 :番外男女主小孩特别可爱,<消炎噢>: 回复 @甜文少女 :港真 虽然名字有点怪怪 但是真的 超好看阿!!,<不爱穿少女内裤的彭于晏>: @heatrola,<M-Roue>: 回复 @甜文少女 :求,<一不哒->: 回复 @甜文少女 :求重发,<一不哒->: 回复 @甜文少女 :平生一顾，至此终年,<一不哒->: 回复 @甜文少女 :这应该是我看过第一本师生恋小说吧，一直记得,<Uh_Blank>: 回复 @甜文少女 :这个好看啊，强推！！,<超绝可爱美奈子>: 回复 @fuxicho :这个真的哭飞,<安大歪>: 简暗写的 相思长河梦，我认为是写的最好的师生恋了。有点懦弱的小老师，凭着一股冲劲天不怕地不怕的高中生许慕融。这文只恨它短。,<ZHANgWw-_>: 回复 @甜文少女 :真的 看n遍 大学的我刚刚又看过一遍,<天琦antonia>: @Fujian_F酱萌萌哒]
6077588122	一条不得不看的仙侠文小说合集。 ​​​	[<Tense>: @不想变身的水冰月,<肖熄啊小溪>: 回复 @芒果萝莉- :我也这么感觉，看了两次，完全没有看下去的欲望，特别啰嗦，还不知所云，女主太神精，觉得谁都害她，都是狐狸精，直接开骂[挖鼻][挖鼻][挖鼻][挖鼻],<卉的卉的卉的卉>: @友人A与主人公,<吃掉星星的少女>: 月都！！！！强推！！！[摊手],<没有人和我重名>: 回复 @甜文少女 :好看,<御姐大人丶>: @Doomdada滴哒,<看完烟花就回家>: 回复 @-Zeinr :看了月是男主角的那篇儿没？,<wuliuukawaii>: 回复 @甜文少女 :十四郎小说都超好看！！！！,<乔妹今天上王者了吗>: 回复 @甜文少女 :“你可曾想过，或许他根本不想要那个帝位呢。”,<只做大王的花痴脑残粉>: 回复 @鲸鹿_ :因为碧瑶其实死了啊,<小桃曦>: 三生神仙债，超级好看，文笔超好，可惜不怎么出名,<Gadottt>: 回复 @甜文少女 :我只想要资源。。。,<sweetWangsain>: 回复 @BubbleKing :我看过，哭死了,<倾慕白玦>: 回复 @甜文少女 :你是后池 我便是清穆 你为上古 我便是白玦,<张氏家族-张寞灵>: 哈哈哈《盘丝洞38号》算不算，第一本古言啊,<密西西里的流氓>: 回复 @甜文少女 :很多看过了，首推盛开，简直是红烧肉啊！有情节也有肉，应该说大灰狼的书都是油多多[色][色]（似乎暴露了什么）,<-阿不然咧>: 回复 @甜文少女 :我推荐一个 套流氓 真的是肉文中的精品，作者文笔不尴尬，骚话说的很6。,<密西西里的流氓>: 回复 @甜文少女 :刚看完，还不错,<宋yyy啊>: 回复 @甜文少女 :虐吗,<子青only>: 回复 @甜文少女 :蜀客每本都很好看!推推推!重紫看一次哭一次，里面的每个人都非常鲜活，每一个情节都有原因可循，男主女主内心的变化也非常自然!!可以说是非常好看了!!,<ZzZzZz阿宿啊>: 回复 @甜文少女 :喜欢这本,<甜不甜好甜>: @疯丫头仔Yako,<钟离qy>: 穿越之修仙，传说之主的夫人，两个都是bl文，推[憧憬][憧憬][憧憬],<钟离qy>: 回复 @-清璐- :顶，敲黑板，老重要了[泪][泪][泪][泪],<钟离qy>: 回复 @甜文少女 :请问是bg文还是bl文？,<祁嘟嘟->: 回复 @甜文少女 :我最爱小狐狸小狐狸和大猴子,<祁嘟嘟->: 回复 @甜文少女 :不得不说，太太太好看太可爱了，可惜没有找到相似的,<酸酸的酸奶>: 回复 @甜文少女 :三生三世比这个好看啊,<Adios969>: 回复 @甜文少女 :超喜欢这部文,<hey_V_>: @Adios969,<风清恙>: 回复 @甜文少女 :这本真心虐 一本书差不多是哭着看完的,<大脸猫爱吃鱼zc>: 回复 @MaevaZ小文 :谢谢！,<MaevaZ_biubiubiu>: 回复 @大脸猫爱吃鱼zc :是好的，是he的结局，白诀最后回来了,<不可乐加冰>: 回复 @甜文少女 :看到这里不得不评论，这本书真的太好看了！！！！！！喜欢男主！！！！！！！！,<我爱吃土豆12138>: 回复 @甜文少女 : @0蚌总0   蚌精,<Micky丶>: 回复 @甜文少女 :哇哇哇 十四郎的仙侠文都好看啊,<田心只有壹次心>: 回复 @悦悦书和她的双下巴们 :这么惨的[笑cry],<悦悦书和她的双下巴们>: 回复 @田心只有壹次心 :我看到的结局是除了男女主以外的所有配角都被男二杀了.....男女主还是在一起的。据说实体书结局改了，配角们没死....,<田心只有壹次心>: 回复 @悦悦书和她的双下巴们 :是be吗？,<天秤座的丸子君lor>: 啊啊啊啊 为什么没有安利梦落芳华 我看一次哭一次[泪][泪][泪],<小小梓潼>: 回复 @甜文少女 :这个好 我还买了书 哈哈哈,<痴恋一曲悲欢>: 回复 @sx塞巴斯酱 :桃花债，如意蛋,<_花大王>: 回复 @甜文少女 :哇  初中看的  看一遍哭一遍  http://t.cn/RSyL4hV,<井哥哥的李可爱>: 回复 @甜文少女 :看完了回来 意犹未尽好看！,<海绵鲍勃的锅铲>: 回复 @甜文少女 :这个人物关系啥的一直没看懂[允悲]有些名字也分不清。,<愿我们都被世界温柔以待>: 回复 @甜文少女 :有没有跟诛仙差不多的推荐,<小胖子的灿烂人生>: 回复 @甜文少女 :这本小说很烂，不敢看,<在河之浒>: 回复 @甜文少女 :好看好看[微笑],<艽桾>: 回复 @甜文少女 :好看啊！虐还好看,<艽桾>: 回复 @甜文少女 :好看。,<艽桾>: 回复 @甜文少女 :好看,<艽桾>: 回复 @甜文少女 :好好好好看！！！！！,<艽桾>: 回复 @甜文少女 :好看,<艽桾>: 回复 @甜文少女 :还行]
6077588122	一条值得重温N遍的高干文小说合集。 ​​​	[<99icon>: 回复 @甜文少女 :好看[心],<刘杰LA7>: 回复 @甜文少女 :唉，还有没有跟这些差不多类型的呀，求大家推荐……,<大气场王>: 回复 @甜文少女 :我记得莫郁华[泪][泪][泪][泪],<想吃加糖的玉米粥>: 回复 @AmomoYu :我也看不下,<全世界都爱的小仙女就是我呀>: 回复 @甜文少女 :超级好看！,<六六六条>: @他是空城暮目可望,<叶上初阳cjy>: 回复 @豆芽儿MaMa :我觉得他们就是男二家族。[眼泪][眼泪][眼泪]特别心疼他们一家,<妖精洞里的妖精>: 回复 @甜文少女 :虐吗？,<Eden-CY>: 回复 @甜文少女 :大爱，东奔西顾的小说都很好,<林逸舟seven>: 回复 @SWINCONNU :这本看不下去，我总把顾明珠想成董明珠[泪][泪][泪],<FrauPretty>: 回复 @JNNnancy :好吧[笑cry]仁者见仁智者见智。我就不跟你继续讨论了哈,<誰說要乖w>: 回复 @甜文少女 :女主有点弱，动不动就是低头还有哭[二哈],<JNNnancy>: 回复 @FrauPretty :滥好人过头了，看的不够劲 ，女配太多 觉得也没有多喜欢女主,<FrauPretty>: 回复 @JNNnancy :我觉得男主有一种慈悲心，但也不是滥好人,<JNNnancy>: 回复 @FrauPretty :挺好看的，就是男主有点博爱了,<Fighttillend_YL>: 基本都看过……这些都是经常推得……书龄七年吧，现在严重书荒,<是不是真实存在的呢>: 孽债太好看了 在我心里是最完美的高干文,<芝士就是bunny>: 为什么没说《一槲珠》！！！ 董先森啊,<士口人于八3日>: 回复 @甜文少女 :然而黄晓明要演占南弦[笑cry],<oolphin>: 回复 @甜文少女 :秦桑 李微然!!!!!!!,<文科不上550不改网名>: 回复 @甜文少女 :没毛病,<cherry小丸子啦啦啦>: 回复 @甜文少女 :这个好看的,<屋里亭子>: 回复 @甜文少女 :把书借给同学看，然后被班主任收了。[拜拜],<Haloloooo>: 回复 @甜文少女 :超级好看,<Haloloooo>: 回复 @甜文少女 :这本真的超好看女主的人设真的超级惹人爱,<慘傷迴憶>: 回复 @甜文少女 :为什么有些章节锁了？！,<莎莉袜>: 回复 @甜文少女 :超级喜欢这一部！太有风格了,<徐润清>: 回复 @甜文少女 :男主爷爷很招人喜欢啊,<一二与三>: 回复 @甜文少女 :我的top1,<jesska2>: 回复 @甜文少女 :这个真的超好看[爱你][爱你][爱你],<jesska2>: 回复 @甜文少女 :超级好看，强推[爱你][爱你][爱你],<青青是只小双鱼>: 求一本0809年左右的书，男女主从小认识应该是大院里那种，女主跟前男友分手后打了个分手炮结果怀孕了，去做人流的时候被男主遇到还是怎么回事忘记了，后来女主去吃烧烤男主戏谑说刚卸完货就忙着吃 男主貌似是女主哥哥的朋友,<JNNnancy>: 回复 @AmomoYu :我觉得除了书名好听点 没觉得书有一点好看[二哈],<可爱的秋小来>: 回复 @胖苗快到碗里 :[爱你][爱你]加油哦,<胖苗快到碗里>: 回复 @可爱的秋小来 :超级喜欢梅子黄时雨的人生若只如初见，也就看了十几遍吧，支撑着我在异国考研的时光,<胖苗快到碗里>: 回复 @Yolanda杨可可 :卧槽，简直是幻灭啊，绝对不看剧版,<焦糖味的可乐>: 回复 @甜文少女 :这个好看，刷了好多遍了[喵喵],<魔卡不是咖>: 摘星  林笛儿，超级好看，分上下[太开心],<Lambber>: 回复 @碕泽 :哇，666,<碕泽>: @Lambber   看看这种也不错[喵喵],<JNNnancy>: 回复 @甜文少女 :这文男主太渣，渣到不行啦，千万别看否则跟吃了[大便]大便一样令人恶心,<任仁人->: 回复 @明天早起Q1 :评论的用途达到了,<明天早起Q1>: 回复 @任仁人- :哈哈哈哈哈哈 看到这个评论就不打算看了,<悦悦君是只一点就炸的翻毛鸡>: @TTThing,<Aoshell>: 回复 @AmomoYu :是很墨迹。。。而且个别剧情令人看了很闹心，费力。。。,<只做大王的花痴脑残粉>: 回复 @AmomoYu :看了n次开头，就是看不下去,<-Melody梦梦梦梦迪->: 佳期如梦看了快四十遍[haha][haha][haha]太好看！！！！,<lansica_LL>: 回复 @甜文少女 :最爱没有之一,<Mara_vilhosa>: 回复 @乱石山碧波潭_灞波儿奔 :什么肉文!,<藏獒张的小仙女啊>: 回复 @甜文少女 :我最爱的江圣卓啊[心][心],<藏獒张的小仙女啊>: 回复 @甜文少女 :难道就不喜欢我的江圣卓吗,<南京专业微整-anna工作室>: 回复 @甜文少女 :好看的点在哪？看了几十章真的笑喷出来,<JNNnancy>: 回复 @甜文少女 :女主太弱，被人捅了一刀，还当没发生过，orz 傻白甜,<空城旧梦73227>: 回复 @甜文少女 :很喜欢看了好多遍，电视剧也会看。如果不好会弃,<JNNnancy>: 回复 @甜文少女 :他没有错，只是不爱我。记忆深刻啊,<Ayue咦耶>: 回复 @甜文少女 :最爱作者与你有关的事,<6002themicki>: 五浊世间by要问问 阎王by柳满坡]
6077588122	你读过最长的一篇小说是啥，有多长？ ​​​	[<比一颗歆>: 回复 @九分_喜欢 :卧槽这个真的是！！！贼鸡儿长已经放弃了,<诡谲酒九>: 全职和纨绔世子妃。但是全职还是最爱！,<邱老哥的小甜心>: 回复 @晓娇娇娇娇娇娇是彭于晏的胖仙女 :哈哈哈哈哈哈哈哈哈哈其实挺好的,<钟意陈浩琪HQ>: 西游记[doge],<PABUCHAGI>: 回复 @_陌上花开1 :哈哈哈哈 默默地问一句好看吗 不过那个最后的旅行还挺好听的,<冷冷其实不太冰>: 回复 @不喜欢你了就改名字 :一周看完了！！,<晓娇娇是彭于晏的胖仙女>: 回复 @邱老哥的小甜心 :我的天我再去找找资源[允悲]让我把它看完,<邱老哥的小甜心>: 回复 @晓娇娇娇娇娇娇是彭于晏的胖仙女 :完结了,<晓娇娇是彭于晏的胖仙女>: 回复 @邱老哥的小甜心 :这个有完结吗？我看到他们在那个山上那里之后就没有下文了诶……,<晓娇娇是彭于晏的胖仙女>: 苗疆蛊事吧大概……,<丹砸揪娃娃qwq>: 齐成琨那小说 2800多章..到最后实在看不下去  弃了,<陆清棠_>: 回复 @南京第一大萌比 :好像有300万字,<八月清淮>: 回复 @我的露娜没有大 :看完emmmm留言...///////,<季十安>: 回复 @国高女朋友 :我特么也是几天几夜不眠不休得看  直到一年前弃文[doge],<六神少女啊>: 回复 @九分_喜欢 :根本没有完结的趋势[拜拜][拜拜][拜拜]还亏我夜以继日的看以为能看完,<六神少女啊>: 回复 @九分_喜欢 :现在还没更完[允悲],<一杯烈酒LAY>: 回复 @好难瘦zz :两天吧,<BecuteY>: 看评论笑出声的有没有,<楠啊楠于上青天>: 回复 @_陌上花开1 :大概五六年级开始？到现在我都高二了,<起名字好麻烦啊还是算了吧QAQ>: 回复 @Angel_baekhyunee :全系列，每本都看了七八遍,<云倾呐>: 拒嫁豪门少奶奶出逃99次[拜拜][拜拜][拜拜],<北辰锦轩-Deer>: 回复 @饮风止渴 :琴帝我也看了，但是我觉得不是很好,<饮风止渴>: 回复 @北辰锦轩-Deer :巧了，我还看了琴帝，冰火魔厨，天珠变,<顾长倾->: 回复 @南京第一大萌比 :我几天搞定,<番茄去皮不加香菜>: 回复 @长渊行灯 :可是我们那个时候的小说他们现在都不懂了,<长渊行灯>: 回复 @番茄去皮不加香菜 :我哥说从零开始是从他初中开始连载，现在他25,<你的宋绮悦吗>: 莫南爵和童染。忘了什么小说了。,<沅了吧唧>: 回复 @久纠旧 :对对对,<鹿已成说故>: 应该是《校花的贴身高手》，估计能追到大学了，可我刚刚初三毕业[允悲],<彼得酥里酥_>: 全职高手~11M,<薛老板的毛绒玩具呐i>: 邪医毒妃…宦妃天下…,<安呀安嗨>: 回复 @Angel_baekhyunee :看了总裁的替身前妻然后把安知晓系列全看了个遍包括作者原笔名为……豆芽菜（好像是这个吧……历史太久远有点记不清了）的小说全看了个遍,<瑷罗>: 大概是择天记。。已经放弃了[允悲][允悲][允悲],<傅司a>: SCI谜案集 应该是这个了 寒假暑假都要来一刷,<鱼鱼鱼鱼结冰>: 夜凝夕  那时觉得真他妈长,<杨咩咩酱->: 回复 @超胖的萌萌酱 :已经见过婆婆了，而且南宫夫人很喜欢落落,<权唯西_>: 叶非夜写的小说，太长太长，不过好看[西瓜] @叶非夜是妖精,<阿喵酱miao>: 清穿日常！最爱没有之一,<芒果味的奶片>: 至尊什么妻来着20M[拜拜],<仙芝麻M>: 回复 @九分_喜欢 :高三天天熬夜看，前面真的很好看，后面越写越烂，又臭又长，弃[瞌睡]不能好好对待自己的小说吗,<长夜遗笔>: 回复 @_陌上花开1 :炸心了，我要寄刀片,<梨花落晚风JUN>: 绝世神医腹黑大小姐  三千多章，一个暑假才看完,<清雨白荼>: 至尊狂妻，虽然不知道当时为什么会喜欢,<林林呀耶>: 回复 @留懵媛 :哈哈哈哈哈,<真月由>: 初中到现在读研完了，作者还在写。。。。,<留懵媛>: 回复 @林林呀耶 :从初二看到初二下册 太多了[笑cry][笑cry][笑cry][笑cry],<留懵媛>: 回复 @林林呀耶 :妈的找到组织了🙈,<留懵媛>: 追什么少奶奶999次 西门龙庭[哆啦A梦汗][哆啦A梦汗][哆啦A梦汗][哆啦A梦汗][哆啦A梦汗][哆啦A梦汗],<瘦了才是王道>: 回复 @nole歌诗--若安好便晴天 :看了一个多月貌似[允悲],<zicooo_>: 回复 @皮皮虾我们走_z :神偷超级好看,<zicooo_>: 回复 @九分_喜欢 :初三追的 当时上课不听讲就看这个,<半书纸>: 回复 @九分_喜欢 :最开始挺好看的晚上熬夜都在看后来感觉把别人写的特别平庸只有女主和男主最棒的感觉 开始在碧落大陆的时候感觉女主脑子是真的强大不知道为何去了灵界就智商极限下滑也不太喜欢她扮猪吃老虎的性格后来就弃文了但说真的如果只看碧落大陆和帝国学院那一part还是很好看的[思考],<半书纸>: 回复 @超胖的萌萌酱 :但说真的这本小说写的好拖……[允悲],<半书纸>: 回复 @超胖的萌萌酱 :？？？南宫夫人见过了啊……]
6077588122	一条心目中最好的种田文合集。 ​​​	[<阿苏季>: 回复 @甜文少女 :很早看到的 还是会觉得不错,<呦呦呦咯咯咯>: 回复 @甜文少女 :种田文鼻祖了,<不上川大不改名的鹿>: ！！！看过几本然而忘了名字了[允悲],<Cnyji>: 回复 @王凯d爱人 :这种重生金手指文好看的还蛮少的…你百度看看有没有,<王凯d爱人>: 回复 @Cnyji :层主说的我都喜欢！！！求推荐类似的！！,<oolphin>: 回复 @甜文少女 :这本好看吗..人呢..,<EchooDai_>: 回复 @甜文少女 :今天看到现在！回来评论！挺好看的！！！就是太长了男女感情戏太少，给女主开金手指做美食还是挺诱人的 。但我现在！弃了！男主因为过不掉自己心中的坎就性虐女主，女主又很快和他和好了…我就…接受不了[失望],<栾荼>: 回复 @爱他是红色 :哈哈哈不要感谢啦！有人一起喜欢我也会超级高兴的[小黄人高兴],<没有物质的爱>: 回复 @甜文少女 :很好看哦，,<樱桃小肘子>: 回复 @甜文少女 : 吱吱最好的种田应该是《庶女攻略》吧，这本也还好，不过女主四岁就超多智，不觉得有点怪么。虽然14岁就很成熟的女主也很怪。。。,<樱桃小肘子>: 回复 @甜文少女 : 超级惊艳的文，可以说是远古文的鼻祖了。可惜了这位好作者。,<时光是贼啊>: 回复 @甜文少女 :我搜不到啊，在哪里看的,<oolphin>: 回复 @甜文少女 :这篇有毒 花生也有毒,<oolphin>: 回复 @甜文少女 :看完打卡 这个真的可以说是敲好看了,<海贼可乐王>: @孤独信妄   种田,<海贼可乐王>: 回复 @甜文少女 : @孤独信妄,<本胖要穿最小号>: 回复 @栾荼 :看到你这条安利去搜来看了，玛德真的停不下来了，太好看啦，昨晚看到凌晨三点才意犹未尽的放下，特来感谢你[可爱][可爱],<骸屿>: 回复 @町漪 :掌阅,<慕寒东篱>: @Ester_mio,<我就知道我一点也不可爱>: 回复 @徐徐徐wsx :是的!!但是真的好看!!我都刷了四五次了[兔子],<徐徐徐wsx>: 回复 @我就知道我一点也不可爱 :是不是很长？！,<京酱肉包包>: 回复 @想要变成小仙女嘤嘤嘤 :排！超爱这个,<Rich-Y>: 回复 @吃可爱长大的姐姐 :额……丑女如菊？！看了好几遍了，篇幅长，打发时间利器……[笑cry],<吃可爱长大的姐姐>: 回复 @Rich-Y :有没有推荐的？？求种田文,<轻舞非飞扬>: 强推妻凭夫贵，清越流歌的。,<平生不是贫僧>: 回复 @甜文少女 :每次看到有人推荐就看一次，但！！从来没有看完过[允悲][允悲],<小满的妈2333>: 回复 @甜文少女 :喜欢这篇,<种花家的红兔子>: 回复 @甜文少女 :这个真的强推,<怕是不够吃哇>: @给我来颗糖   北鼻快来～,<木子小汪>: 回复 @木子小鼠 :哈哈哈哈哈这名,<木子小鼠>: 回复 @甜文少女 : @木子小汪   [噢耶][噢耶][噢耶][噢耶],<胭脂将离>: 《瑞雪兆丰年》好看,<猜猜猜一只鹅>: @会抓娃娃的大蘑菇   [二哈],<怪盗syc>: 小寡妇招夫记也好看！,<找虐的玻璃心>: 问下，名字不记得，大概是：女主穿越村妇，丈夫打仗没见过，有个孩子，孩子好像不是亲生的，女主也会点功夫，然后男主回来第一天就露馅了。谁知道小说名叫啥？？？,<M蜜米M>: 回复 @柚子石榴都是宝贝 :作者去世了,<deane喵呜>: @呆呆不呆---,<盛夏梅子汤Betty>: 回复 @曾曾曾要瘦了要 :啊？？？？懵逼,<-风信子xs>: @纳尼_纳尼999,<Rich-Y>: @-ZDYer-  我已经看了好多年的种田文了……[允悲]来自挣扎在失眠边缘的人。,<bitter-snow>: 重生之花开锦绣[二哈]虽然感觉结局不太好,<四水之川>: 回复 @甜文少女 :已经官宣了，赵丽颖是女主,<你有猫病吗_>: 回复 @呜喵酱不要酱酱酱酱酱 :是的没错！他的每一本都追了,<改个名字你就认不到了>: 回复 @骸屿 :我比较喜欢看长篇的，短的感觉还没看就没得了[笑cry][笑cry],<骸屿>: 回复 @王小贱no :感觉有点太长了,<骸屿>: 回复 @孤单又灿烂的花啊 :这个真的很好看,<骸屿>: 回复 @甜文少女 :没看下去,<dhdhdjwkoxkfk>: 回复 @甜文少女 :超级好看的,<今天起24岁了>: 回复 @KKKKKEIKO :好看啊,<是翻翻啊->: 回复 @甜文少女 :这个作者就是很棒啊！！！,<SKT节操粉不是AliPay>: 回复 @小丹妮尔_ :[哆啦A梦无奈][哆啦A梦无奈][哆啦A梦无奈],<小丹妮尔_>: 回复 @无锡小灵通 :看完这本书荒了,<小丹妮尔_>: 回复 @茜酱呐 :我看过的，喜欢,<小丹妮尔_>: 回复 @滥竽充数的南郭姑娘 :up,<小丹妮尔_>: 回复 @KKKKKEIKO :这个超喜欢,<小丹妮尔_>: 回复 @SKT节操粉不是AliPay :不是种田文]
6077588122	说说你们想看什么类型的小说[污] ​​​	[<乔八月阿>: 青春 言情 虐文,<抹茶芝士包>: 回复 @性慾甜味凯源 :我也超喜欢这个！有类似的吗哈哈,<怎嚒回事>: 回复 @蒙面醉小鹿 :三生三世艳莲杀 这个复仇绝对痛快,<三轮车美少女>: 回复 @饮瓜十盅不止渴 :《帝宫东凰飞》实力推荐！！,<陈胖胖很Q>: 回复 @蒙面醉小鹿 :重生之毒后归来，还是嫡女祸妃，都很好看,<Mi_mia>: 想看重生后抱大腿的甜文[好喜欢][好喜欢][好喜欢],<庆敏笑笑>: 回复 @我的意中人是盖世英雄1988年的 :我看过,<WEIcyan>: 想看浪子回头的小说，类似 我家二爷的[噢耶][噢耶][噢耶],<爷嫂>: 像寻找前世之旅那样的,<波灵波灵的>: 想看破案、推理的、古代、现代、言情小说[二哈][二哈][二哈][二哈][二哈],<是蓉嬷嬷不是容嬷嬷>: 科幻文 类似于《他与月光为邻》,<周大爷今天背单词了没>: 星际战丧尸文，求哪天出这种合集,<用户5599410965>: 回复 @喬海月QuQ :上将大叔，狼来了,<ZzZzZz阿宿啊>: 回复 @白伊菲雪 :橙光的君心我心一,<ZzZzZz阿宿啊>: 江湖文，男主武功高强腹黑戏虐这种 虐 结局he 或者悲的都可以,<钟离qy>: 耽美–【宠文，强强，忠犬，末世，种田，修真，养成等等[笑而不语][笑而不语][笑而不语][笑而不语]】,<岑-_-暮暮>: 嗯，重生？甜文？[笑cry],<吃饱饱oo>: 男主一定要风华绝代，然后啥都不在意，,<阿酒提不起劲>: 回复 @张馨元啦 :不是呀 不是同一本。作者是青树阿福，男主是钟隽 女主夏晗[汗],<张馨元啦>: 回复 @阿酒提不起劲 :男主沈思安,<阿酒提不起劲>: 回复 @张馨元啦 :是青树阿福的吗？最后是he啊,<张馨元啦>: 回复 @阿酒提不起劲 :温馨..？[喵喵]    因为你这条评论我花了大半天时间看完了    看完心情.. 沉重[顶],<某鱼CY>: 最近想看AI[doge],<双眼皮的wowo>: 类似执子之手将子拖走的小说,<Wendy酱justashinit>: 女主很聪明的甜文 1v1 不虐 男主腹黑的那种 女主只在男主面前傻白甜[doge],<cenaing->: 回复 @影视资源先生 :看过了,<影视资源先生>: 回复 @雅晴cenaing :十年一品温如言,<ANanShanNan>: 回复 @罗罗婴 :哈哈哈少妇白洁[doge],<ANanShanNan>: 回复 @我的意中人是盖世英雄1988年的 :我【羞涩的回答】，我觉得蛮好看的，可能我太重口了[笑而不语][笑而不语][笑而不语],<这里孟夕颜>: 回复 @我是阿狗君 :哈哈 不行 我年纪大了 看不了虐文了[允悲],<我是阿狗君>: 回复 @这里孟夕颜 :我特别喜欢那种虐的要死的那种[doge],<这里孟夕颜>: 回复 @我是阿狗君 :可是奈何是真的超级虐啊[二哈],<我是阿狗君>: 回复 @这里孟夕颜 :这两本都炒鸡喜欢 奈何真的是百看不腻越看越喜欢,<爸比没有腹肌>: 回复 @几个顾 :太甜了！！！！看到你的推荐立马去看了，嘤嘤嘤，现在满脑子都是纪老师[污],<冷月钟笛lyzd>: 博主能不能整理一下那些男主是神医的古代小说？[爱你][爱你][爱你],<七月上_yang>: 甜到死的那种，有不有推荐啊,<洪蕾1996>: 我喜欢男主骚气贱贱的那种,<小狐狸咿咿呀呀哟>: [doge]。。。。基佬文。。,<庆敏笑笑>: 回复 @onmmmmmmmm :那个，又没有一女多男的肉文？,<没错我就是cat大人>: 回复 @临窗听雨_遥念君安 :公子欢喜的文都很符合你的要求啊 纨绔 艳鬼 思凡 微臣 庸君,<爱戴哟>: 回复 @性慾甜味凯源 :猴！,<性慾甜味凯源>: 回复 @爱戴哟 :重生之独宠无二真的每次看这本宠的真的会哭,<性慾甜味凯源>: 回复 @爱戴哟 :宠妻成瘾老婆你要乖 这个真的超级宠,<凌九天是地球人>: 求同门师兄弟修仙的(ಡωಡ),<风流痞勋>: 点赞数说明一切[doge],<小甜豆是你>: 类似重生之幸福日常这种！就没找到过类似的！[微笑],<BLACK3T>: 回复 @饮瓜十盅不止渴 :太子弃妃，青楼季九儿。 名字是有些非，但是真的是看过还想再看一遍的小说,<Lu瑶er>: 想看普通校园的[doge]让人看了能深有感触的,<雨山亘古>: 虐心（精神上虐女主）仙侠文、非师徒、最好欢喜冤家、结局HE,<就是脑残粉>: 回复 @onmmmmmmmm :有一个叫AV什么的未完结文[doge][doge],<就是脑残粉>: 回复 @onmmmmmmmm :神仙肉]
6077588122	一条经典好看的娱乐圈小说合集，欢迎码评论。 ​​​	[<小7八块腹肌>: 《重生之国民男神》《重生造星系统》,<万半仙算命超准ahhhh>: 大家一定要去看六盲星大大的文，基本都是娱乐圈文《韫色过浓》《萌宠记》还有其他的都很好看，自从开始看，我已经好几天没在睡好觉了，天天修仙[二哈],<万半仙算命超准ahhhh>: 回复 @甜文少女 :这个作者大大其他的娱乐圈文也很好看，推荐[doge],<Dokur>: 回复 @甜文少女 :超级好看的啊[心]然后男主真的不知道是谁所以我最后决定独占小p哈哈哈哈哈,<新闻狗windy的追星日常>: 我来推荐一本，反派女王，超级好看,<MM蓦然桑>: 回复 @甜文少女 :这个真的特别特别好看,<搞事届扛把子_>: 回复 @甜文少女 :男主真的不知道是谁[拜拜],<盖世英雄金泰妍>: 回复 @甜文少女 :很甜,<请叫我周闪电>: 回复 @甜文少女 :真的是大坑，熬夜看完了，没有结局，我这心也是很痛！,<全世界都爱的小仙女就是我呀>: 星光攻略 好好看,<马文静同学>: 回复 @甜文少女 :很好看 看了好多遍,<_zhuZiwei_>: 回复 @甜文少女 :《不配》罪加罪,<拜勒个白>: 回复 @ShimKiki :对对对 我看到好多人在推 一看开头我就弃了 但又有人推说很好看 我心想可能是我没仔细看 然后耐着性子又去看 看到开头我又弃了 这本是真不好看！,<拜勒个白>: 回复 @甜文少女 :高洁党慎入 男主和前任同居（虽然据男主说只是床伴 @_ @） 女主略矫情 反正我看的时候心好堵,<陈桉only>: 回复 @甜文少女 :男主36了吗，年纪也太大了😫。,<盛夏梅子汤Betty>: 回复 @耗子蒙 :真的 第一章就是忍着，第二章完全忍不下去 哇老天  说点啥儿呢,<盛夏梅子汤Betty>: 回复 @ShimKiki :真心加一，我也是服气，但是也是666,<x景行行止>: 回复 @朽梦挽歌888 :在哪看的，我找不到[允悲],<我想选你靖王殿下>: 回复 @杜呢子_美国代购 :不是重生文,<第三棵牙>: 回复 @长生的先生 :同求,<杜呢子_美国代购>: 回复 @我想选你靖王殿下 :重生之第一影后不是江汐婉李湛吗[思考][思考],<我都不知道取个啥名儿>: 回复 @甜文少女 :很好看，就是追作者连载文有点辛苦[摊手],<QUEYANG_>: @无敌的扣肉  [微笑],<芝士带盐人>: 回复 @Zino55555 :理解了 但我的意思也不是要他们只能有对方一个 因为西方对于婚外情这种其实更有道德约束吧 貌似还是犯法的 你解释的我明白了 可以因为两人并没有感情所以出轨 但是不能因为是西方文出轨就正常 谢谢～,<画王装虎>: 回复 @野食小嫂 :比心,<画王装虎>: 回复 @林市民与王公主 :好人[爱你],<迷思言>: 大神养成计划居然没人推？？？,<sunshine半醒>: 回复 @小麓的麓不是鹿 :我人生中的第一本小说[允悲],<胡歌今天恋爱了吗>: 回复 @少少少女然 :小说确实有点玛丽苏啦不过我觉得写的还好了比起我之前看一本小说作者莫名其妙总是扯上女主眉毛[摊手]什么眉毛微挑眉毛紧蹙反正不管开心咋的都写眉毛……,<少少少女然>: 回复 @胡歌今天恋爱了吗 :出现n次，真的莫名其妙[摊手],<胡歌今天恋爱了吗>: 回复 @少少少女然 :我都忘了[摊手][摊手][摊手],<少少少女然>: 回复 @胡歌今天恋爱了吗 :这本看完就想问一个问题：男主为什么一直在顶腮帮[摊手],<李圣经最爱的口蜜>: 回复 @-kidsyyy- :哎哎啊这个超棒的啊,<CLBoomoom>: 回复 @Caina-懵兔 :我也是[允悲][允悲],<Heandher_>: 回复 @甜文少女 :超级好看[悲伤][悲伤],<今天也认真复习了吗>: 没人看过暖擎天吗 好几年前的了 写的贼黄哈哈哈哈哈,<我想选你靖王殿下>: 怎么木有人推荐第一影后……安然许许的,<嘉年甘棠_>: 前两天刚看了一个《重生之银河巨星》,<七幺->: 回复 @甜文少女 :另类影后啊！！超好笑！,<子不愈>: 回复 @甜文少女 :我分曼达林,<那个女生叫许希微>: 蓝泽俊  花沙晴那个 名字啥的忘了,<杦鸢_Dimanata>: 回复 @甜文少女 :这本书当之无愧啊 超好看,<宇宙超级无敌美少年>: 回复 @甜文少女 :找的就是这一篇，最喜欢的娱乐圈文，突然忘了名字了！终于找到了,<肉丁不是肉块儿>: 回复 @薄荷糖O_0 :感谢,<程先生CTY>: 不一样的影后[doge],<薄荷糖O_0>: 回复 @肉丁不是肉块儿 :我私信你了,<肉丁不是肉块儿>: 回复 @薄荷糖O_0 :百度云吗,<薄荷糖O_0>: 回复 @肉丁不是肉块儿 :我怎么发给你呀[疑问],<肉丁不是肉块儿>: 回复 @薄荷糖O_0 :求资源,<PERL_SHER>: 回复 @甜文少女 :这个超好看！很多地方会一下子暖的不像话暖到心里面[求关注],<有所为有所止->: 回复 @甜文少女 :超好看啊强推！,<晴天Irene>: 回复 @甜文少女 :没有网盘哪,<LoyalCai>: 回复 @甜文少女 :呃………五米的床……两百平的家   情节不错  就是这个描写笑死我了,<子非明>: 你们忘了泡沫之夏了吗。。]
6077588122	一条炒鸡耐看的重生小说合集，码评论。 ​​​	[<林柚柚柚I>: 回复 @甜文少女 :重生千金是学霸,<星如璨>: 回复 @GZX__uan :啊璃,<星如璨>: 回复 @是泥鳅阿- :只记得叶宋说过“嫁人当嫁苏若清”,<汝之一笑倾城>: 回复 @甜文少女 :安利我迷路的龙大大，超级超级超级超级喜欢她,<-乔克叔叔>: 回复 @甜文少女 :九重紫 金陵春 写手吱吱写的,<幸运网友就是我啊啊啊啊啊啊啊啊>: 回复 @姜薇爱天天 :好哒！谢谢？,<姜薇爱天天>: 回复 @幸运网友就是我啊啊啊啊啊啊啊啊 :还好吧 毕竟是复仇文 没什么虐的剧情,<幸运网友就是我啊啊啊啊啊啊啊啊>: 回复 @姜薇爱天天 :想看可是觉得有点长啊，想问一下中间会虐吗[可怜][可怜],<日向源子>: 回复 @甜文少女 :千山茶客的都好看！！！现在正在连载的嫡嫁千金也好看！！！！,<夜礼服呀夜礼服>: 回复 @清汤小姐的挂面 :刚看完将门毒后，觉得还不错，就是后期收尾收的有点太快了,<Adadaaa_>: 回复 @甜文少女 :万事如易也不错，女主超聪明,<一颗大星猩呀>: 回复 @甜文少女 :这个是《庶女，明兰传》么？,<WhitePeony_>: 回复 @甜文少女 :我觉得作者写的很好 看前面的时候觉得世子可能是男主 但心理觉得和女主不是很搭 作者没有写出cp感 后面知道男主是初恋他爹觉得竟然有些释然[允悲] 细节写得还是很好的,<OnlyLengery>: 回复 @甜文少女 :纨绔世子妃 不解释,<昵称都被占了哼哼哼>: 回复 @抠脚老汉_ :求原图[爱你][羞嗒嗒],<饭要少吃水要多喝>: 回复 @甜文少女 :总觉得这位作者脑回路与一般人不同 慎入...,<岳了了>: 回复 @甜文少女 :重生之锦绣皇后！！虽然名字挺俗气的 但是文笔真的炒鸡好！很上瘾！,<熊细毛>: 回复 @晴天就是心情好 :没有，晋江的吧好像是,<熊细毛>: 回复 @欣欣欣馨馨馨 :真的很好看是吧哈哈哈哈,<晴天就是心情好>: 回复 @熊细毛 :这个在哪里看阿?有百度云链接吗?,<年糕-anaru>: 回复 @甜文少女 :好看！！爱死这个男主了！[爱你],<不敢提笔>: 回复 @捂住眼睛里的砰砰砰 :嗯嗯，就喜欢这样的男主，害羞，忠犬，颜值高  还是学霸[眼泪],<苏strawberry>: 回复 @弯儿板 :追书神器,<捂住眼睛里的砰砰砰>: 回复 @不敢提笔 :是它开启我的重生坑[嘘],<用户5913571985>: 回复 @甜文少女 :重生首长的小媳妇  特别好看，不过现在还没更完,<卷卷L-->: 回复 @甜文少女 :淡看浮华三千的文都很好看！强推 庶女毒后 和 庶女为后,<没有故事的情人>: 回复 @董小十- :总裁的33天 不知道是不是 挺好看的,<不敢提笔>: 回复 @捂住眼睛里的砰砰砰 :这个超级好看啊  男主忠犬一枚  喜欢,<不敢提笔>: 回复 @斑的贵志 :看了好几遍  超级好看,<饼干小茶>: 回复 @甜文少女 :不好看。。,<Lmorning清晨>: 回复 @晨晨許V :这本炒鸡好看！！,<所谓宁缺毋滥>: 回复 @食术 :百度云,<逢悉>: 回复 @我是大帅哥zhc :是的[抱抱]宅斗的第一本,<闭嘴闭嘴闭嘴啦_>: 回复 @甜文少女 :为魔道疯狂打 call!,<我是大帅哥zhc>: 回复 @逢悉 :这本我超爱，感觉女主很有脑子，一点都不小白,<俩个麒麟>: 回复 @甜文少女 :鹦鹉晒月的《毒后重生计》超好看的 看了好几遍了，赤裸裸的养成我喜欢。,<云胡不喜yQ>: 呜呜呜 不知道为什么之前都没有收到这条重生的小说 还好现在又出现了,<龙猫牌热水袋>: 回复 @甜文少女 :这个真的是，我的资源里面全是作者的话，真是超级多的话，比正文都快多了，真是糟心,<太厚凉凉凉>: 有没有现代重生的啊？  想看[羞嗒嗒],<资深晴吹>: 回复 @甜文少女 :这个真的超好看啊,<Sugarmuma>: 回复 @JIENNS :我也喜欢重生复仇[doge][doge],<Sugarmuma>: 回复 @华乾犀利小黄发_江户kyo :超级喜欢这个,<ddiana_>: 回复 @甜文少女 :[喵喵][喵喵]反馈 好看 女主好聪明啊[污][污][污],<人傻不能怨社会63005>: 回复 @甜文少女 :忘羡,<瓷碗cici>: 回复 @甜文少女 :老羊的问啊 最喜欢特工重生在校园 真的超好看啊 虽然名字很low 但真心不狗血，很真实，很热血,<洽洽Char>: 回复 @甜文少女 :原来不止我一个人站错[拜拜],<小念衾>: 回复 @甜文少女 :表白我沐如岚和墨谦人,<WiFi就爱小忘羡>: 回复 @甜文少女 :前面是有点玛丽苏但是你看到后面真的觉得作者笔功真的在进步，越写越好,<WiFi就爱小忘羡>: 回复 @甜文少女 :重生之爷太重口了，黑果的文超好看，黑暗甜萌小说开山之作,<粪土>: @丶少女关  这个这个,<忌猜心事>: 回复 @甜文少女 :炒鸡好看,<-西瓜西>: 回复 @Cthrough-- :庶女有毒看着更爽 因为篇幅真的很长[允悲] 将门毒后后面有点仓促了 到前面很好看,<Cthrough-->: 回复 @-西瓜西 :蔗女有毒和重生之将门毒后哪个好看,<Cthrough-->: 回复 @吃了异性会怀孕的绿豆 :好看嘛,<飞去香港看太阳>: 回复 @甜文少女 :好甜好吗！好好看好吗！,<Cthrough-->: 回复 @洛羽希 :比重生之将门毒后好看吗,<叶晏之>: 回复 @甜文少女 :题材构想不错，文笔却的确不行,<贪吃蛇的伊甸>: 回复 @弯儿板 :格格网，好像叫这个，版面也不错的]
6077588122	一条“做过朋友做过敌人做过爱”的相爱相杀小说合集，码住不走丢。 ​​​	[<放映机杂货店>: 回复 @甜文少女 :当时看完之后内心久久不能平复[doge][doge][doge],<嘒彼小星starry>: 回复 @甜文少女 :这个好看 虽然是霸道总裁文但是不狗血,<葫蘆大哥win>: @王小美-Vivien,<Mr暮烟>: 回复 @甜文少女 :做爱没有！,<姐的普罗旺斯>: 回复 @清风破f :超喜欢，也很感人惋惜,<莫尼卡jmy>: 夜凝夕123绝色倾城123,<剑与飞花丶>: 回复 @甜文少女 :听雪楼绝对经典啊，我的萧忆情，话说每次这么说都觉得怪怪的[摊手]是萧忆情不是烧鹅啊[喵喵],<Boss请多加香菜>: 回复 @甜文少女 :很喜欢这个,<ak_plus>: 回复 @甜文少女 :听雪楼中听雪落，人中龙凤，最后却倒在了自己人的怀里。。。,<ak_plus>: 回复 @甜文少女 :没有做过爱哦。。。就是相爱相杀！！！,<一许芳心020>: 回复 @想吃草莓030 :哈哈,<怪瘦小恩>: 回复 @好瘦一只葛瘠薄 :满身横肉…,<Lynn--宁>: 回复 @甜文少女 :超爱看 蓝白色的 半欢半爱,<阿喵-meow>: @逆反心理和稀缺原理,<故事里的小黄花o3>: 回覆 @慕容铁花 :第一反应就是这本,<好瘦一只葛瘠薄>: 回复 @甜文少女 : @恩九九的gouge  操我初一看的哭了要死哈哈哈哈哈,<yyyyyyyyyysq>: 回复 @甜文少女 :刚刚看完，这篇确实好看,<TerraZhang>: 回复 @安哩个啷 :哈哈哈哈同初一！看的第一部当时觉得这么露骨的小说但是现在想想也没啥嘛[喵喵][喵喵],<余阿璠>: @SheRryzGG  你的需求,<eiuvo>: 回复 @寻鹿而来 :这小说我特别喜欢[doge],<-是长瀛啊>: 回复 @只是一个大大大小号 :宇宙无敌超级大后妈[泪][泪],<HAEBARAGI>: 回复 @-Pistil-Liu- :哈哈哈哈 好滴 胡歌大老婆[二哈],<是小刘呀_>: @HAEBARAGI  无聊看看[污],<喻白玉Rakija>: 回复 @甜文少女 :超好看！！！送它上去,<一颗麦麦提>: 女子无殇..怪我来晚了 但是我真的忘不了泫文 昊殇 浞颺 还有那个不复修边幅浪迹天涯的修涯 [心碎],<胡璇阿>: 凰权啊啊啊相爱相杀,<只是一个大大大小号>: 回复 @-是长瀛啊 :来不及睡我爱你 东宫 真的[拜拜]匪大真的后妈[拜拜],<以桃丶>: 回复 @甜文少女 :一直以为宁朗是男主，后来发现兰七是男主。。再看下去。。好像明二才是男主？？,<金锭子jdz>: 回复 @TOooOT- :七夜雪是沧月武侠小说里最温情的一篇了，男主女主互相成全，都为了对方放下了昔日的执念,<老丸子的爷爷>: @燕昕823   看评论,<念城f>: 回复 @XIong_____x :[太阳]超爱李策的。,<哎喂1314>: 最虐只有匪大的书[泪],<哎喂1314>: 回复 @甜文少女 :他再也找不到让他如此动心之人了,<悟宅师太swag>: 回复 @巧克力腹肌菌 :都是bg[二哈],<栗子青咩>: 回复 @甜文少女 :挺好的,<牵着沙皮狗的猫>: 回复 @甜文少女 :巫哲的文好看，刚入门的时候看的，飞来横祸，格格不入，觉得好好看,<李李李小燕子爱吃>: 回复 @你的情话像屁一样动听 :哈哈哈哈哈这样好么[二哈],<广末不凉>: 废…废后将军有人看过吗,<XIong_____x>: 回复 @清风破f :哈哈哈有有有,<陆陌Fairy>: 回复 @甜文少女 :这个好看,<尹斯彤_彡>: 回复 @甜文少女 :言情小说入门之作[兔子]虽然现在看来有点玛丽苏[doge],<杨胖胖今天脱贫了吗>: 回复 @甜文少女 :嗨呀！这个小说男女主角的矛盾就是因为男主拒绝了女主的姐姐的求爱然后女主生气的吗！！！,<花洛扬>: @WangLLLee,<李家卷花派>: 回复 @你好克里斯蒂亚诺 :我也是，超级喜欢燕询，接受不了女主没和他在一起[伤心]我也弃了，在我心中燕询是最好的,<INFOURPM>: 回复 @甜文少女 :白息黑凤,<-Kerrrrrrr>: @好一支2Bpencial,<韩三岁ssikme->: 回复 @Sarah---莎拉 :有没有资源啊[害羞],<懒被杀死>: 回复 @忍不住回头看我的城池 :哈哈哈哈哈哈是的,<念城f>: 回复 @甜文少女 :我就想问，没人喜欢李策吗？？吗？？,<我在之外>: 回复 @甜文少女 :真正的做过敌人做过朋友做过爱哈哈哈 非常好看]
6077588122	一条让人欲罢不能的玄幻奇幻异能小说合集。 ​​​	[<神經病许旭华>: @ZHUANG_1372,<Cyan_freedom>: 回复 @-DxyM- :傲风有尾？,<夏妞妞的夏天>: ait @连666都不想喊的咸鱼,<滺蓝岚懒>: 龙族算吗？。。。[二哈],<滺蓝岚懒>: 神印王座啊啊啊！就是结尾不大好,<DL_木可>: 回复 @甜文少女 :罪恶之城强推！！！！！！！,<l白色柠檬l>: 回复 @甜文少女 :《妖精相公太磨人》,<更高更远forme>: 回复 @甜文少女 :最爱的玄幻，没有之一,<ansuannai>: 回复 @甜文少女 :三十年河东三十年河西，莫欺少年穷[泪],<ansuannai>: 回复 @甜文少女 :真的超级好看,<茶蛋贩卖馆>: 回复 @他她cq :[握手][握手][握手][握手][握手][摊手],<茶蛋贩卖馆>: 回复 @甜文少女 :《龙族》！！！！,<EsCCChenyixun>: 回复 @笑ii场 :炒鸡喜欢,<简单的大智>: 回复 @甜文少女 :十几遍[摊手],<简单的大智>: 回复 @甜文少女 :为陆雪琪站位，不过碧瑶死的时候也哭的好伤心,<WX-STAR>: @sweety甜1031,<1931小平同志>: 回复 @甜文少女 :看到一半直接放弃！,<有一只雪梨梨梨>: 回复 @甜文少女 :3,<李易峰是我家的520>: 回复 @甜文少女 :超级喜欢我家凡凡~,<凉城安浮生_>: 回复 @甜文少女 :邪风曲[笑cry],<凉城安浮生_>: 回复 @甜文少女 :跟你们说，我初中的时候我们家就有这本书的实体书，然而我没看过[眼泪],<凉城安浮生_>: 回复 @甜文少女 :第一本玄幻小说！！！心头的朱砂痣啊有木有，只看了第一部，拒绝第二部，碧瑶才是我心里的女主！,<王某某不知道的王某某>: 回复 @MoonRIVERR- :我也是！！！看了6遍！！！,<Kento_Tsuki>: 回复 @甜文少女 :好看，大爱第一部[心],<一个呆呆的猕猴桃>: 回复 @甜文少女 :这是个什么东西,<满眼尽是行歌>: @Wwwwwwhg,<叶神万万岁>: 回复 @甜文少女 :前期一个斗皇就把男主撵的满地跑了，后期斗圣多如狗，斗尊都是毛毛雨[二哈][二哈][二哈],<海沉寻鲸>: 回复 @甜文少女 :侥幸而已[doge],<尼玛的姐姐>: 回复 @甜文少女 :最爱斗破,<cycc-e>: @MLGB丶seo,<汉洋君>: 回复 @深圳器大活不好的16号技师 :哈哈，阿宾也很不服,<汉洋君>: 回复 @阿良良木-木 :好久之前看的，有点印象,<旺财才不是喵>: 回复 @甜文少女 :超好看[二哈]好多地方都哭抽了,<一个桔子momo>: @一个番石榴S  飘渺之旅好看[太开心],<我很没个性的>: 回复 @甜文少女 :你们觉得文笔怎么样,<Sela习惯性面瘫>: 回复 @甜文少女 :猫腻的人品，呵呵，再好看也不看,<王_幺夭>: 回复 @名侦探科基 :唉  就是的[骷髅][骷髅][骷髅],<名侦探科基>: 回复 @_王_五岁 :斗罗之后有很明显的商业化了，写的越来越小白吧，而且数据啥的一大堆。,<王_幺夭>: 回复 @名侦探科基 :那也是斗罗之前的了，斗罗之前都很好看，后面质量就开始下降了…,<名侦探科基>: 回复 @今天长歌有平A了吗 :啊啊啊啊，摄政王和杜维，相爱相杀  哈哈哈,<名侦探科基>: 回复 @_王_五岁 :善良的死神也很不错,<名侦探科基>: 回复 @野建国 :佣兵王  艾米哈伯，池傲天，大青山……唉青春啊，大青山死的时候真的是泪崩了。真的是一部史诗啊！,<名侦探科基>: 回复 @南北之至 :纵使你徐凤年天下第一，也要扶墙而出。[喵喵],<你最月半>: 回复 @甜文少女 :终于看到我盘龙了[心],<听我的_>: 回复 @甜文少女 :君莫邪,<听我的_>: 回复 @甜文少女 :吾为荒,<腐夸女屌张依依>: 推荐唐家三少的《酒神》又名阴阳冕。姬动为女主三步白头走在心尖上了[哆啦A梦微笑],<腐夸女屌张依依>: 我初中毕业那年开始更新，我现在大一，呵呵哒，还在中期徘徊呢[拜拜],<河山作归冢>: 逆苍天的灵域(*¯︶¯*),<不想承认也不能否认>: @加拿大小牛肩肉,<山河之外_99>: 回复 @甜文少女 :超好看的真的 没话说]
6077588122	读来肝肠寸断的虐心文小说合集，码住评论吧。 ​​​	[<阿-偃>: 我他妈看见这个标题就想哭[摊手],<yoseop->: 回复 @甜文少女 :是he,<仙桃给你吃吗不给你想太多了>: 回复 @甜文少女 :承包男二叶权[doge]话说真没人被他跟憾生在厦门的小日常撩到的吗[doge],<crayonanan>: 回复 @梁文怪 :我也喜欢唐小天为什么,<渣浪请不要再冻结我账号惹>: @siva想不出昵称  仿佛回到了当初看小说的日纸[喵喵][doge]然鹅十年一品温如言我到现在都看不下去,<顾恒-顾五岁>: 回复 @远方姑娘V :书一点都没毛病啊，写的很棒,<舆我共渡>: 回复 @甜文少女 :唐小天喜欢的不要不要的[二哈],<算天爸爸的小迷妹>: 没人推一下一受封疆吗？慎看，看完我快哭死了[泪],<小仙女Tenderness>: 回复 @甜文少女 :看了长篇的   没错   熬夜来评论！        可是爱情啊    总是说不清对错的  爱一个人总是身不由己  一开始男主就很清楚的把苍狼当成下属   他已经失去了爱一个人的能力了     怎么说呢  看到有的地方还是心疼 跟男朋友分手的那种疼（虽然我没有男朋友[二哈]）但是我还是想骂娘就不能有个好点的结局么  http://t.cn/RKO4Y4Q,<hi你会唱温柔吗>: 回复 @骑伞找马 :笑死。。。,<不言不二>: 为什么不说《殇璃》美璃和靖轩啊！那么虐,<何处笙庚在>: 回复 @_话多起腻 :牛逼[鼓掌],<序定时LSJ>: 喜欢虐的[哈哈],<kylin_陈瓶仔>: 回复 @瘦不下来也要强行瘦 :梦里花落知多少[允悲],<三歲女頑童>: 回复 @甜文少女 :良仙難求,<这个一個莘>: 回复 @甜文少女 :[泪],<这个一個莘>: 回复 @甜文少女 :[哆啦A梦开心],<大大大大大春卷子>: 回复 @甜文少女 :get,<HIFHHJ>: 回复 @甜文少女 :真的超好看 因为男主在作者另一本书里出现 我还看了另一本 那本书也好看,<汝之一笑倾城>: 回复 @甜文少女 :[心][心][心][心][心][心],<玥玥酱233>: 回复 @甜文少女 :阿渡！阿渡！,<欧酱酱酱粥-Erica->: 回复 @南方姑娘很漂亮 :高二的时候全班大部分女生轮着看，我为了能快点看完几天不吃饭，饿就吃点饼干！,<不上川大不改名的鹿>: 心情不好的时候最喜欢看虐文把自己虐哭发泄出来,<树上有猫饼>: 回复 @七弦吖 :云铮差点成了我的心病那段时间[悲伤],<窃贼v_>: 回复 @Abby菠萝肉咕噜 :这是一个开放式的结局,<窃贼v_>: 回复 @你总是要听别人说 :dd,<抠脚少女左鸭蛋>: 回复 @甜文少女 :看了不下五遍！！！每看一遍都会哭一次,<初衷不想嗑>: 回复 @小仙女早知不下凡 :这个看完真的没感觉～～～,<kuma_ma_ma>: 回复 @甜文少女 :不负[泪][伤心],<丧猫猫>: 回复 @甜文少女 :！！！！这个小说！！！我那天坐车回家想看小说放松一下，结果哭了一路，真的一抖一抖的，人家还以为我被拐了[拜拜],<丧猫猫>: 回复 @甜文少女 :默默地提一下叶冰伦，小说写的真的很好,<LustForTay>: 回复 @冰兒冰兒- :抄袭,<猫跟鱼的滋味>: 回复 @甜文少女 :看完没哭但是不知道为什么真的是很久很久心里都是很难受的[喵喵],<一个小迷妹-->: 回复 @甜文少女 :东宫,<米粒Bi>: 回复 @深入逗比出不来的万小黑 :说不悟的都赞了[泪],<Cuziamawesome>: 回复 @不要笑话我的名字 :那给你推荐墨宝非宝的书哦，暖萌的超甜，推荐先从至此终年看起，二宝的书每本都堪称精品呢,<不要笑话我的名字>: 回复 @Cuziamawesome :看完了就书荒了[允悲],<屏南钟>: 回复 @深入逗比出不来的万小黑 :不悟更虐 看完想打人[微笑][微笑],<清殊远河>: 回复 @甜文少女 :如果下辈子我还记得你[心],<清殊远河>: 回复 @甜文少女 :芊泽花[并不简单],<李冰洁ya>: 回复 @甜文少女 :[微笑]真的初中躲在被窝哭了一晚上,<狗星人刘先生_>: 小甜心你不是叫甜文少女吗[并不简单],<怕是你黑喔>: 回复 @Picassowu :哇塞还有第二部吗？？！[哆啦A夢吃驚][哆啦A夢吃驚],<怕是你黑喔>: 回复 @Biu_BiuBiuBoom :嗷嗷，没有小喔,<谦and阳>: 《凤阙泪》[泪],<张衡阳雁去无留意>: 回复 @大哥小_ :我现在你看到封面就超难过[泪],<大哥小_>: 回复 @张衡阳雁去无留意 :看到这个话题第一个想到的就是这个文啊  反复反复反复  越觉得心塞越想再看一遍  每一遍都有不一样的感受  我的奚山我的扶苏啊[悲伤],<我是刚刚好的妹妹>: 回复 @KKAITOP :哭死啦！[泪][泪][泪][悲伤],<茜莉莉莉呀>: 回复 @鐘澤紅Loyal :我喜欢 哈哈哈,<KKAITOP>: 回复 @我是刚刚好的妹妹 :结局是好的还是坏的啊[可怜],<每天狂舔我龙不要停prprpr>: 回复 @哇咔咔啊哩哩 :[摊手]怪不得我做不了女主的,<是我肥>: 回复 @甜文少女 :卧槽这个真的超级虐  虐到心痛 看哭了好多次,<哇咔咔啊哩哩>: 回复 @每天狂舔我龙不要停prprpr :男主后面的所作所为简直无法原谅啊,<每天狂舔我龙不要停prprpr>: 回复 @哇咔咔啊哩哩 :看到她被强的时候暴风哭泣[允悲],<哇咔咔啊哩哩>: 回复 @每天狂舔我龙不要停prprpr :我哭的死去过来，女主一秒钟原谅男主，我。。。。[拜拜][拜拜][拜拜]]
6077588122	一条烧脑的侦探推理小说合集，来码评论啦。 ​​​	[<抱着锅总看着舟渡秀恩爱的单身汪>: 回复 @甜文少女 :看到这么多推荐默读的我就放心了[喵喵],<风吹散你>: 回复 @甜文少女 :杀人动机太迷醉了，但是手法很不错,<小不正经QAQ>: 回复 @甜文少女 :雪穗这个女性形象终生难忘,<象说hi>: 回复 @大鱼海蛎子 :来了来了,<疯兔子芋头>: 回复 @我的男票有点蠢 :什么不幸的事情,<我的男票有点蠢>: 回复 @疯兔子芋头 :[doge]又刷微博，回来告诉你不幸的事情,<羊肉也太好吃了吧>: 回复 @唐棠willow1984 :我好饿哦,<唐棠willow1984>: 回复 @羊肉也太好吃了吧 :我他妈居然在这里发现了你,<-Gumusservi>: 回复 @甜文少女 :这个真的超级超级好看！！,<_X-factor>: 回复 @丶amusia :好像没有……那我看了啥,<_X-factor>: 回复 @丶amusia :我看过恶意了吗？我都忘了……,<蓝皮鼠吃大脸猫>: 碎脸…… 好看，,<丶丶amusia>: 回复 @甜文少女 : @_X-factor,<明月丶Zyh>: 回复 @糯米饭家的南青阿三在找她的数学 :妻子外面有男人了…就想杀了男主…,<i青瓷瓶儿>: 回复 @甜文少女 :经典！！！,<李易峰冒牌女友>: 回复 @甜文少女 :强推这个...超好,<世界上最后的小仙女>: 回复 @MeU枫兔子洛雨 :[摊手]我还能说什么,<i青瓷瓶儿>: @三观端正的少年   @悄悄躲在角落打瞌睡的西柚sama   @-五十弦-,<MeU枫兔子洛雨>: 回复 @甜文少女 :觉得教化厂这本很好看,<MeU枫兔子洛雨>: 回复 @甜文少女 :这本书我原本以为只是纯吐槽，但结局一如既往的东野式的真是很让人回味悠长,<MeU枫兔子洛雨>: 回复 @甜文少女 :表白放学后,<MeU枫兔子洛雨>: 回复 @甜文少女 :我觉得心理罪每一部都好看！第七个读者也很好看！,<MeU枫兔子洛雨>: 回复 @L月野兔兔兔 :哈哈哈哈哈哈心疼你,<MeU枫兔子洛雨>: 回复 @甜文少女 :只有我一个人觉得雪穗是爱亮司的么...,<MeU枫兔子洛雨>: 回复 @甜文少女 :很好看的这本,<MeU枫兔子洛雨>: 回复 @甜文少女 :石神的爱太令人感动了！,<MeU枫兔子洛雨>: 回复 @甜文少女 :啊啊啊炒鸡喜欢！,<宇宙超级萌萝莉双>: 回复 @机智的小狐狸 :谢谢,<-何小屁->: 回复 @甜文少女 :啊这个拍了电影的,<朕的强迫症犯了>: 回复 @呼噜呼噜叽咕叽咕 :只看了一部,<豹豹浓w>: 回复 @惺忪的影子 :这本不好看的……,<软到不像话_>: 回复 @甜文少女 :这个当时在哪里看过一部分不知道名字 找了好久[允悲],<名侦探科基>: 回复 @甜文少女 :名侦探大五郎哈哈哈,<全世界最好的靖靖儿ovo>: @神仙姐姐爱撩妹,<18号暖屋>: 回复 @甜文少女 :看完没感觉,<Temi--甜>: 回复 @人间617号 :这本书一直困扰我最后电话里哪个女的到底是谁[允悲]挠心挠肺好久了。,<张起灵我老婆>: 回复 @甜文少女 :谋杀官员,<张起灵我老婆>: 回复 @甜文少女 :其实我觉得这个很一般啊…没有谋杀官员好看,<戴上王冠_就是女王>: 回复 @放飞自我的小婊砸 :东野圭谷推理类小说[赞],<卖火柴的Lucifer>: 回复 @甜文少女 :好看⊂((・▽・))⊃,<曾小胖不能再胖了>: @小王先森啊啊啊丶,<臻果果果>: 回复 @晶晶的潘多拉魔盒 :是的 超级好看！,<晶晶的潘多拉魔盒>: 回复 @臻果果果 :好看！！,<晶晶的潘多拉魔盒>: 回复 @平成風俗_Rin :刚看完，强推,<取名无能的大Sherry>: 回复 @滴滴哒哒小雨滴 :啊啊啊居然有人也看过她的《乱神馆记》我觉得很好看啊后续居然没消息了。,<像刺猬一样温暖>: 回复 @甜文少女 :故事超级棒，但是每次读完总觉得雷米大大对书中的女性不是很友好……,<像刺猬一样温暖>: 回复 @甜文少女 :小说很棒……然而实在是太多了没看完,<AmyVictris>: @_Juiclly,<雯啊雯呐雯呀>: @琳子小可爱啊呀,<随心zzxh>: 嫌疑人x献身有资源吗]
6077588122	100篇最受欢迎的架空历史小说合集，码评论啦。 ​​​	[<凉城安浮生_>: 回复 @若静如初 :不客气不客气,<也钦_>: 回复 @甜文少女 :这个好看,<演员的自我修养_陈生>: 回复 @甜文少女 :第一步本穿越小说 就是这本书爱上的曹阿瞒 [可怜] 以前网名还叫过挚爱曹阿瞒,<若静如初>: 回复 @凉城安浮生_ :看到大家说的好像很虐，不过知道结局是好的就可以尝试去看看了，谢谢。,<凉城安浮生_>: 回复 @若静如初 :结局是好的，过程虐,<三只木头_>: 回复 @WarMemory :找到同道中人！！一世风流的文笔真的很棒！欲罢不能！,<追风少女吴沫沫>: 虽然台言式微了，还是想说席绢的花莲传说超好看,<若静如初>: 回复 @凉城安浮生_ :冒昧问一句，这个结局是喜是悲？,<噜啦里啦1995>: 回复 @甜文少女 :第一部穿越小说诶,<林长安呐>: 《永安调》墨宝非宝,<花开两朵qtt>: 回复 @甜文少女 :刚看完，确实好看,<叹骨>: 回复 @甜文少女 :心思肯定是花了很多的，就是文笔还不太成熟,<寄书雁>: 回复 @甜文少女 :原来那只狐狸，一直没能等到它要等的那位姑娘。[泪],<凉城安浮生_>: 回复 @甜文少女 :第一本能让我看下去并且看的很带劲的三国小说，厉害了，这个系列里特心疼的俩人，一个郭嘉还有一个戴脚链的那个汉子,<你不是想变好的么>: 回复 @甜文少女 :初中刚接触小说时就因为貌似很出名而下过，然而没看几张。。。女主三观有问题好吧，反正我理解不了，我倒是很喜欢坏女主，但是这个特么是来个作天作地逮谁害谁的吧,<藏妖_桃花流水鳜鱼肥w>: 回复 @甜文少女 :真的！！！超好看啊啊啊,<一只小栗腿>: 回复 @甜文少女 :这部小说看一次哭一次,<wlllooouuu>: 回复 @甜文少女 :梦三生的蛮好看的,<_花大王>: 回复 @甜文少女 :初中看一遍哭一遍阿阿阿阿,<明月丶Zyh>: 回复 @甜文少女 :这部小说挺好看的。但是作者抄袭这点真的很恶心……………,<淅小公子>: 回复 @白衬衣的小仙女 :挺好看的,<12oo3>: 回复 @长春禁色 :看过n遍！印象超级深，超级喜欢[二哈][二哈],<MeU枫兔子洛雨>: 回复 @甜文少女 :终于看到了！表白青璇！！,<薛胖胖啊>: 回复 @甜文少女 :啊好看,<听闻离旬>: 回复 @二蛋子和刘艳芬的完美爱情 :搞错了   不过他的小说也挺好看的  不过穆丹枫的好宠  很好看,<二蛋子和刘艳芬的完美爱情>: 回复 @听闻离旬 :前一个不是夜北吗？[允悲],<听闻离旬>: 回复 @清楹张 :白发皇妃  还是初中看的  好看好看,<听闻离旬>: 回复 @簡植i :哭死,<听闻离旬>: 回复 @礻阝放 :好看  这个看过  绝对养成,<听闻离旬>: 回复 @二蛋子和刘艳芬的完美爱情 :后一个是穆丹枫的吧  前一个是夜七？？？,<听闻离旬>: 回复 @要永远十六岁 :真的好看  尤其是笑笑和董卓在凉州成亲 结果笑笑跌入湖中毁容那段  不要让我哭死啊 还有结尾点天灯那段  泪目啊,<听闻离旬>: 回复 @长春禁色 :我的妈  没想到可以翻到这篇文  这个是真的虐  我看了很多遍,<霏微cailing>: 回复 @甜文少女 :不记得具体内容了，只记得这本书超级好看,<在干嘛呀kkw>: 回复 @甜文少女 :三观不正啊这个,<阿獸_195组真爱>: 回复 @甜文少女 :其实后期剧情挺狗血的，还有舞台剧般情情爱爱的对白…补了一下好失望,<芒果街上的小天使>: 回复 @Verashanxi :我也觉得好看[鼓掌][鼓掌],<琪琪与她的黑猫>: 回复 @蕾婷娜 :你妹[眼泪],<咪咪HYJ>: 回复 @甜文少女 :看过好多次~,<我猜你找不到我___>: 回复 @韵漠水 :我记得庶女有毒又名锦绣未央啊,<赵子瑄_weiznee>: 回复 @甜文少女 :真的好看,<赵子瑄_weiznee>: 回复 @甜文少女 :这是我唯一一部熬夜看完看到三点多的小说  超虐[泪],<赵子瑄_weiznee>: 回复 @甜文少女 :我的长孙无极啊…,<LittleTrain555>: 回复 @璟28 :我觉得剧情太扯了，完全是为了读的人看着爽而写，逻辑什么的都没有,<夕妍QWQ>: 回复 @甜文少女 :好看啊,<夕妍QWQ>: 回复 @甜文少女 :当时觉得很好看,<夕妍QWQ>: 回复 @甜文少女 :笑笑死后回去看见曹操不想忘记她的那一幕，哭了好久,<夕妍QWQ>: 回复 @甜文少女 :虽抄袭，但不可否认确实好看啊,<林中吟诗者>: 《美人谋妖后无双》,<林中吟诗者>: 《美人谋妖后无双》,<蕾婷娜>: 回复 @甜文少女 :看评论说不好看，随便翻了一下，挺好看的啊,<一霎东风落瓣封喉声如花绽>: 回复 @甜文少女 :窝景爷贼拉拉帅,<璟28>: 回复 @墨绿墨蓝 :好看 女主永远在线,<冰冰冰冰-summer>: 回复 @甜文少女 :三生三世艳莲杀我觉得超级好看,<我是鹿晗小粉丝>: 回复 @甜文少女 :超好看]
6077588122	100篇堪称神作的悬疑恐怖小说合集，欢迎码评论。 ​​​	[<忆浅幽兰>: 回复 @甜文少女 :这个真的超好看,<狮子座的十九>: 回复 @来听绿茶 :小三爷你大胆的往前走啊莫回头啊[泪][泪][泪]飙泪啊[悲伤][悲伤],<来听绿茶>: 回复 @狮子座的十九 :泪点在此,<狮子座的十九>: 回复 @来听绿茶 :这个看得我最虐[悲伤][悲伤][悲伤]眼泪都掉下来[泪][泪][泪],<杨惠茹是枚小仙女>: 回复 @甜文少女 :一般吧......烂尾,<来自九月的友人A>: @吃西瓜的猕猴桃啊  我码了,<彧耏>: 回复 @甜文少女 :好看呐，前几天刚把三部看完了,<妹子们口中的蜀黍>: 以前看过[猫眼] 这个也不错,<妹子们口中的蜀黍>: 回复 @甜文少女 :这个高中时看过,<让我又爱又恨他的爱怎会那么深>: @叫嚣的软妹    @让泪伴我入眠    @权志龙我脑公啊    @捂鸡    @孟大王iii,<HELLO-TATTOO兔子>: 回复 @浩宝宝大王 :越看越睡不着…,<想当大王不行吗>: @HELLO-TATTOO兔子  你看看我就看这种,<Fantone>: 回复 @甜文少女 :啊啊啊这个超好看,<-柚魂>: 回复 @甜文少女 :app store里这个免费app是九把刀自己弄的，里面有绝大部分他的书。楼下的房客在“小说”类  http://t.cn/Rom8x9G,<Lolita壮士与SistarChen>: 回复 @甜文少女 :这个超级好看超级好看超级好看啊啊啊啊啊！我室友不敢看 我干给她讲了两个小时讲剧情啊！！！,<嗯康康康>: 回复 @甜文少女 :p大啊啊啊啊！超爱默读,<阿魔i>: 回复 @Morris野马也 :对对对！,<廖小慢慢>: 回复 @甜文少女 :不错不错,<不出稿不改名的九鲸>: 回复 @甜文少女 :这个好看!一开始以为是恐怖但其实是剧情向的!超好看!,<越越越越酱raku>: @呆呆痴呆呆_晗,<B612-planet>: @早睡早起的唯E,<酸奶好好喝啊>: @SunSunSunZY,<哪个喊你要倒贴呢>: 回复 @甜文少女 :坑太多，最后强行填坑，逻辑思维缜密的不要看这个，看到最后会让你觉得很打脑壳，但是还是觉得挺好看,<我的猫吃了我的身体>: 回复 @这个人真奇怪呢QAQ :qnmd.wsnd,<薛之谦九亿少女的梦>: 惊悚乐园啊啊啊！！！炒鸡好看没人推荐么,<__ZzzSsy___>: @隐形医生baggio   基本都看过[鼓掌],<不高兴很暴躁没耐心>: 回复 @榴莲释迦edc :这个真的好看！！！而且够长！！！,<Wailamleung>: @ENCOURAGEEE,<愚勇气>: 回复 @甜文少女 :超爱的这本 我心里前三,<徐言洛>: 回复 @甜文少女 :准备去看地狱公寓[允悲],<努那啊i_>: 不知道…有没有人看过 高一零班…,<-司空>: 回复 @甜文少女 :第一 第一 第一[微笑][微笑][微笑][微笑][微笑][微笑][微笑][微笑][微笑][微笑],<易米八的圻子>: 《恐怖广播》    不吓人，很烧脑，超好看，良心推荐,<空幻想家->: 回复 @甜文少女 :有人看过七根胡的《高一零班》和《我的高中》吗！！,<空幻想家->: 有人看过七根胡的《我的高中》和《高一零班》吗！！！,<洁洁虾>: 回复 @甜文少女 :尾鱼的真的神作,<被爱的喜欢吃红烧肉>: 回复 @甜文少女 :吾王起灵归来日 尔等俯首称臣时,<被爱的喜欢吃红烧肉>: 回复 @甜文少女 :每个评论都赞一遍的我,<酒一酒酒>: @改个咩啊-  老婆~你来呀你来~~~,<黎优雅>: 回复 @甜文少女 :这个真的好看,<中单杀神江浪浪>: 回复 @甜文少女 :蔡骏大大的地狱变也超好看的！,<林一宇vw>: @肥肥河马吃吃吃,<执念而已n>: 回复 @胡婉婷哦 :挺好的 很早以前看过  就是给忘了,<Exist-x>: @Destiny--LC,<Lorie_仙女>: 回复 @甜文少女 :聊斋志异  我看了，特别好看,<Zy婕呀>: 回复 @世界夏困困_ :我搜不到楼下的房客阿,<Zy婕呀>: 回复 @少女执法中-Z :在哪里看啊？,<胡婉婷哦>: 回复 @执念而已n :好看吗 我就看了第一章有点怕怕的,<仙某人老婆>: 回复 @未惯单衣 :应该没有我也很久没看小说了哈哈哈,<用户0856991254>: 回复 @甜文少女 :感觉怨气撞铃有点烂尾啊……|•ω•`)不过我还是很喜欢就是了哈哈哈,<胖咸鱼哦>: 废材道士的爆笑生活     挺搞笑的，而且也带点恐怖,<smilewithushk>: 回复 @甜文少女 :超级恐怖,<smilewithushk>: 回复 @甜文少女 :看地狱公寓晚上不敢睡觉[笑cry],<Sasaaa___>: 回复 @甜文少女 :看过好多遍,<HelloBitches->: @Yang-鱼肉  收,<丢了皇冠的狮子>: 回复 @甜文少女 :宝珠鬼话和忘川堂夜话]
6077588122	一条超级经典好看的网游小说合集。 ​​​	[<金赫奎的软萌淑>: 取了个NPC夫人,<w艺颖超级酷吖>: 哪有伊人不湿鞋！！[喵喵][喵喵][喵喵],<橘子夏啊_>: 回复 @轰姆超甜 :啊啊，这些我都看过🤓,<节奏少年克女友>: 网游之江湖任务行by蝴蝶蓝 前期较平淡，后期疯狂派便当，记得备纸,<迪迦奥特丸_三生阿暗>: 回复 @君君小痞子 :哈哈哈对啊,<君君小痞子>: 回复 @迪迦奥特丸_三生阿暗 :看过，蝶之灵的对吧，我还看了神级召唤师,<芒果栗子雪糕>: 回复 @甜文少女 :叶修[心][心][心],<紫金养心丹>: 回复 @钙质桑 :三在连载也很好看！,<桥丶桥豆麻袋>: 回复 @团子少侠biu :hh我看了两遍觉得超级棒,<团子少侠biu>: 回复 @桥丶桥豆麻袋 :江湖遍地卖装备我看了十多遍,<团子少侠biu>: 回复 @雅蠛蝶7- :无聊杀杀妖,<团子少侠biu>: 回复 @小白舟儿 :网游之我不配超级好看 还听了广播剧,<团子少侠biu>: 回复 @鸠媚括弧躺_KHR :我的入坑之作,<北边的芒种>: 回复 @张起灵和我打啵啵 :0度终极幻想也是，烟花大大挖了坑就不记得填,<茗尘_小黑是救世主_不是人质>: 回复 @爱吃石榴的xm :同，看了那么多网游文，鬼服最印象深刻[doge],<张起灵和我打啵啵>: 回复 @涂山苏苏丷 :我看了好几遍了[允悲]好喜欢游戏的背景，太棒了，可惜不填坑就结尾了。,<涂山苏苏丷>: 回复 @张起灵和我打啵啵 :讲真没有一篇网游文在我心中抵得过这本。。,<青声耳语>: 回复 @甜文少女 :这个超好看的，看了好多遍,<警长爱吃鱼肉虾>: 回复 @甜文少女 :看过,<AUCISR>: 回复 @甜文少女 :每次翻到全职感觉整个人都激动了,<司玖_乌鲁克移民中>: 回复 @甜文少女 :这个算玄幻不算网游，不过小说是真的好看。我刷完二十多遍还是想继续看...顺便一提作者名字庄毕凡，多读几遍会懂的...,<一生忘羡>: 回复 @甜文少女 :承包叶不羞,<梦乜盛世花>: 对的时间遇见对的人,<张东文喜欢橘子>: 《巅峰荣耀》蝴蝶蓝 全职高手番外，讲了伞哥和叶神的曾经，职业圈所有人的开始，所以叶修最后说本应该很早就见到双人的。 因为他叫神枪，他是苏沐秋。他叫荣耀教科书，他是叶修。,<ply笨笨>: 回复 @两颗西柚_to_see_you :不要太惊讶我的时间线啊，我来推几部小说，《第一医仙ⅠⅡ》有人推过了就不多说了，《奈何萌徒是大神》和《花妖新娘》是我百看不厌的网游小说了，希望你喜欢,<ply笨笨>: 回复 @朴志训女票 :层主，希望你看到我这条5月底的评论不要太惊讶，半夜睡不着来这搜小说，然后看到你的信息就忍不住来安利了，《花妖新娘》，《奈何萌徒是大神》，《第一医仙ⅠⅡ》，这几本都是我百看不厌的网游小说了，最后一本我也不知道怎么说个人觉得偏游戏一点吧，反正和前面两本侧重点不太一样，好啦晚安[笑cry],<蘸着辣酱的小丸子>: 回复 @甜文少女 :叶神！！！！我本命啊！！！！！！,<MeU枫兔子洛雨>: 回复 @甜文少女 :觉得这本henhaokq,<MeU枫兔子洛雨>: 回复 @甜文少女 :我要表白书中的每个人！,<叶神万万岁>: 回复 @甜文少女 :就记得男主穿越了，寻宝探险就是挖坟，挖了他徒弟，他儿子，他老婆，他自己的坟，最后打败了大boss他自己[二哈][二哈][二哈],<一三央央诶>: 公子连城啊qwq握草那个男主贼酷好吗,<陶淘桃萄逃__>: 回复 @爱吃石榴的xm :啊啊啊啊鬼服！！为什么没人推这个！,<春夏秋冬黄少天>: 回复 @甜文少女 :喻文州是我的谢谢大家！！！！,<Vulcace>: 失落叶的《斩龙》,<我有点猫病>: 回复 @柠檬一只半 :超爱！看了两遍了！,<独骑瘦马踏残阳>: 我是巅峰boss  强烈推荐！！！,<陌上蔷薇33>: 陌上花开为君顾。,<陌白_______>: 回复 @H宁宁宁宁么 :还有[doge]九霄xx的，超好看,<柒柒柒柒柒小姐>: 回复 @H宁宁宁宁么 :对对！还有盛世蔷薇的另一本 暴力医仙也很好看！出版的时候改名叫第一医仙来着,<棉糖店长>: 《猫游记》好像是初中还是高中的时候看的，记得是全息的印象中超好看[大笑][大笑][大笑],<shxxxxxx>: 必须转一发and强烈安利诺森德！！！我心中的王者QWE～～～,<永了个生>: 回复 @甜文少女 :贼行应该是重生网游文鼻祖吧,<永了个生>: 回复 @甜文少女 :邪龙逆天经典！,<天空是橘子味儿的>: 回复 @甜文少女 :超级喜欢黄烦烦烦烦烦烦烦烦烦烦烦烦[摊手],<喧啊喧>: 回复 @甜文少女 :明天就要和乔一帆领证啦[爱你],<欧阳昊训_>: 回复 @朴志训女票 :猎者天下,<欧阳昊训_>: 回复 @岐三深 :猎者天下真的太好看了没有之一 起码看了有十五遍以上怎么办现在要求高了一般的都看不下去[摊手][二哈] @那时烟花H,<欧阳昊训_>: 回复 @甜文少女 :哈哈哈哈哈我把热评前几个全点了赞,<那么那么多花>: 回复 @甜文少女 :苏黎世见[爱你][爱你],<小十七啊-0->: 回复 @想和娜美睡觉 :超爱公子,<犬次郎即是二狗子>: 居然没看见惊悚乐园,<SoRiiicky>: 回复 @甜文少女 :二分之一王子！！！！！吐血安利]
6077588122	这是一条史上最全的甜文萌文小说推荐博，欢迎码评论。 ​​​	[<-Yurri>: @看完书再来改名字吧,<WR_Tse>: 王妃宠溺日常！！！！,<凤凰花开满夏>: 他知道风从哪个方向来[许愿][许愿][许愿],<你是什么小怡怡hh>: 美人宜修！！！北倾大大的！她的书都好看,<手可摘星球>: 他和她的猫 小清欢 一颗小草莓 她病得不轻,<灯糊糊>: 回复 @暗夜-直面你的恐怖 :嗯呐,<变态少女蓝>: @两对新奥尔良烤翅,<乐于肖想>: 回复 @一株小白兔 :嘻嘻,<Elaine_绵羊>: @麦芒麦芒QAQ  不用谢[笑而不语][笑而不语],<凉心凉婷凉姑娘_>: @to凉情凉心凉姑娘   这位博主值得关注[馋嘴],<暗夜-直面你的恐怖>: 回复 @灯糊糊 :不是吧，能上架的都是收费的，但是人家是正版啊,<趁乱想识>: 强烈推荐北倾的《谁说我，不爱你》、《何处暖阳不倾城》！！！！,<灯糊糊>: 回复 @暗夜-直面你的恐怖 :是免费的吗？,<纪小暻>: @纪云翊_Captain,<片寄涼太的小淚痣>: 总裁在上我在下！！！！！！墙裂推荐！！！！！！！！！！！！！！！！！！！！！！！！！！！！！！！！！！！！！！！！！！！！！！！！！！！！！！！！！,<鹿鹿小仙儿>: @小红花-笑哈哈,<Luckyhi>: 回复 @他是她的暖暖 :那你很棒帮了，不是有两把吗,<他是她的暖暖>: 回复 @Luckyhi :我好像没带钥匙,<美少女小9>: @L--jing-,<十四树>: 回复 @星与洲 :没错！！北倾大大超甜,<十四树>: 回复 @你隔壁家的老罗 :北倾大大(*/ω＼*),<ZJSCYWXL>: @喜欢葫芦的947儿,<小鼓瑟>: 回复 @Leesu_KW :还有轻易放火,<Lyjuice>: @格尔木那只禁婆,<sirk吴>: 妖孽也成双   东奔西顾的,<晚樱玧其>: @喵仙世芬   快看,<是早早呀>: @不是所有女生都叫微微啊,<莫忘莫弃_>: @我就是那个小太阳呐,<轻衣好漂酿>: 《汀南丝雨》[心],<轻衣好漂酿>: 回复 @小小蛛蛛侠 :Gun神[心],<Z柚子0>: 回复 @张衡阳雁去无留意 :啊，好看是好看。但是太长了[doge][doge]我还是喜欢简短一点儿的甜文儿[挤眼][挤眼],<张衡阳雁去无留意>: 回复 @Z柚子0 :我看了七八遍了[允悲]回回看都是一副痴汉脸[允悲],<Z柚子0>: 回复 @张衡阳雁去无留意 :刚看完。好长啊[喵喵][喵喵],<你很喜欢放屁>: 回复 @橙鄄沵 :好的[doge],<Freemmm_>: @何小瑶hahaha,<wuliwuli如意>: 回复 @你很喜欢放屁 :那你一定是没有看《任青》那才是真的惨，女主小时候惨到泪目。好看的，推荐噢。,<你很喜欢放屁>: 《一点即燃》总的来讲还是挺甜的，就是看完有点压抑。周宜宁是我看了好多部甜文女主中家庭不幸福童年过得最不好的。,<粉稚>: @柬埔寨混血   小说,<倩影43645>: 回复 @-PIPI哒 :超喜欢,<H茶H>: 回复 @甜文少女 :链接好像不对,<给朕来一个82年的小和尚>: 不知道有木有人看过单四夕的八字不合，真的很好看,<忽远忽近的触摸>: 一座城，在等你。男主超级宠女主,<矮人的花园>: @Cassiopeia两生花,<一颗花大菜>: 回复 @甜酒果儿o :欧呦，厉害咯,<甜酒果儿o>: 回复 @一只kento :哦呦   赖冠霖哦[羞嗒嗒],<张雪艳y>: @我是嬌嬌呀lll,<S相由心生>: @哆鲁布莱奇思    @红莲ing,<-阿妹阿>: @你别说话啊喂   @Yuyuyiyi18,<情倾夏日>: @爱恨随性  快看 你要的甜文！！！,<会飞会跑的玻璃杯>: @弋戈傻傻分不清,<HX-易蓝汐>: @我是净净女皇峰,<叶俊要当vegeterian>: 好多年了还是很喜欢 风烟引,<撒欢的小菇娘>: @咻咻不爱猫头鹰,<我下辈子不要醒来了>: @Holhopl]
